IDRebaño;Raza;Categoria;t;prgest
1;1;2;7;0.50
1;1;2;8;0.50
1;1;2;9;0.50
1;1;2;10;0.50
1;1;2;11;0.50
1;1;2;12;0.50
1;1;2;13;0.50
1;1;2;14;0.50
1;1;2;15;0.50
1;1;3;7;0.10
1;1;3;8;0.10
1;1;3;9;0.10
1;1;3;10;0.10
1;1;3;11;0.10
1;1;3;12;0.10
1;1;3;13;0.10
1;1;3;14;0.10
1;1;3;15;0.10
2;7;2;7;0.14
2;7;2;8;0.14
2;7;2;9;0.14
2;7;2;10;0.13
2;7;2;11;0.13
2;7;2;12;0.13
2;7;2;13;0.03
2;7;2;14;0.03
2;7;2;15;0.03
2;7;2;16;0.03
2;7;2;17;0.03
2;7;2;18;0.03
2;7;2;19;0.18
2;7;2;20;0.18
2;7;2;21;0.18
2;7;2;22;0.15
2;7;2;23;0.15
2;7;2;24;0.15
2;7;2;25;0.17
2;7;2;26;0.17
2;7;2;27;0.17
2;7;2;28;0.18
2;7;2;29;0.18
2;7;2;30;0.18
2;7;2;31;0.18
2;7;2;32;0.18
2;7;2;33;0.18
3;1;2;7;0.50
3;1;2;8;0.50
3;1;2;9;0.50
3;1;2;10;0.50
3;1;2;11;0.50
3;1;2;12;0.50
3;1;2;13;0.33
3;1;2;14;0.33
3;1;2;15;0.33
3;1;2;16;0.33
3;1;2;17;0.33
3;1;2;18;0.33
3;1;2;19;0.67
3;1;2;20;0.67
3;1;2;21;0.67
3;1;2;22;0.50
3;1;2;23;0.50
3;1;2;24;0.50
3;1;2;25;0.50
3;1;2;26;0.50
3;1;2;27;0.50
3;7;2;7;0.14
3;7;2;8;0.14
3;7;2;9;0.14
3;7;2;10;0.13
3;7;2;11;0.13
3;7;2;12;0.13
3;7;2;13;0.03
3;7;2;14;0.03
3;7;2;15;0.03
3;7;2;16;0.03
3;7;2;17;0.03
3;7;2;18;0.03
3;7;2;19;0.18
3;7;2;20;0.18
3;7;2;21;0.18
3;7;2;22;0.15
3;7;2;23;0.15
3;7;2;24;0.15
3;7;2;25;0.17
3;7;2;26;0.17
3;7;2;27;0.17
3;7;2;28;0.18
3;7;2;29;0.18
3;7;2;30;0.18
3;7;2;31;0.18
3;7;2;32;0.18
3;7;2;33;0.18
4;7;2;7;0.14
4;7;2;8;0.14
4;7;2;9;0.14
4;7;2;10;0.13
4;7;2;11;0.13
4;7;2;12;0.13
4;7;2;13;0.03
4;7;2;14;0.03
4;7;2;15;0.03
4;7;2;16;0.03
4;7;2;17;0.03
4;7;2;18;0.03
4;7;2;19;0.18
4;7;2;20;0.18
4;7;2;21;0.18
4;7;2;22;0.15
4;7;2;23;0.15
4;7;2;24;0.15
4;7;2;25;0.17
4;7;2;26;0.17
4;7;2;27;0.17
4;7;2;28;0.18
4;7;2;29;0.18
4;7;2;30;0.18
4;7;2;31;0.18
4;7;2;32;0.18
4;7;2;33;0.18
5;2;2;13;0.67
5;2;2;14;0.67
5;2;2;15;0.67
5;2;2;16;0.67
5;2;2;17;0.67
5;2;2;18;0.67
5;2;2;19;0.67
5;2;2;20;0.67
5;2;2;21;0.67
5;2;2;28;0.50
5;2;2;29;0.50
5;2;2;30;0.50
5;2;2;31;0.33
5;2;2;32;0.33
5;2;2;33;0.33
5;7;2;7;0.34
5;7;2;8;0.34
5;7;2;9;0.34
5;7;2;10;0.33
5;7;2;11;0.33
5;7;2;12;0.33
5;7;2;13;0.29
5;7;2;14;0.29
5;7;2;15;0.29
5;7;2;16;0.10
5;7;2;17;0.10
5;7;2;18;0.10
5;7;2;19;0.20
5;7;2;20;0.20
5;7;2;21;0.20
5;7;2;22;0.21
5;7;2;23;0.21
5;7;2;24;0.21
5;7;2;25;0.16
5;7;2;26;0.16
5;7;2;27;0.16
5;7;2;28;0.06
5;7;2;29;0.06
5;7;2;30;0.06
5;7;2;31;0.03
5;7;2;32;0.03
5;7;2;33;0.03
6;7;2;7;0.34
6;7;2;8;0.34
6;7;2;9;0.34
6;7;2;10;0.33
6;7;2;11;0.33
6;7;2;12;0.33
6;7;2;13;0.29
6;7;2;14;0.29
6;7;2;15;0.29
6;7;2;16;0.10
6;7;2;17;0.10
6;7;2;18;0.10
6;7;2;19;0.20
6;7;2;20;0.20
6;7;2;21;0.20
6;7;2;22;0.21
6;7;2;23;0.21
6;7;2;24;0.21
6;7;2;25;0.16
6;7;2;26;0.16
6;7;2;27;0.16
6;7;2;28;0.06
6;7;2;29;0.06
6;7;2;30;0.06
6;7;2;31;0.03
6;7;2;32;0.03
6;7;2;33;0.03
7;1;2;7;0.62
7;1;2;8;0.62
7;1;2;9;0.62
7;1;2;10;0.62
7;1;2;11;0.62
7;1;2;12;0.62
7;1;2;13;0.62
7;1;2;14;0.62
7;1;2;15;0.62
7;1;3;7;0.10
7;1;3;8;0.10
7;1;3;9;0.10
7;1;3;10;0.10
7;1;3;11;0.10
7;1;3;12;0.10
7;1;3;13;0.10
7;1;3;14;0.10
7;1;3;15;0.10
8;7;2;7;0.17
8;7;2;8;0.17
8;7;2;9;0.17
8;7;2;10;0.15
8;7;2;11;0.15
8;7;2;12;0.15
8;7;2;13;0.19
8;7;2;14;0.19
8;7;2;15;0.19
8;7;2;16;0.15
8;7;2;17;0.15
8;7;2;18;0.15
8;7;2;19;0.10
8;7;2;20;0.10
8;7;2;21;0.10
8;7;2;22;0.06
8;7;2;23;0.06
8;7;2;24;0.06
8;7;2;25;0.09
8;7;2;26;0.09
8;7;2;27;0.09
8;7;2;28;0.07
8;7;2;29;0.07
8;7;2;30;0.07
8;7;2;31;0.14
8;7;2;32;0.14
8;7;2;33;0.14
9;7;2;7;0.17
9;7;2;8;0.17
9;7;2;9;0.17
9;7;2;10;0.15
9;7;2;11;0.15
9;7;2;12;0.15
9;7;2;13;0.19
9;7;2;14;0.19
9;7;2;15;0.19
9;7;2;16;0.15
9;7;2;17;0.15
9;7;2;18;0.15
9;7;2;19;0.10
9;7;2;20;0.10
9;7;2;21;0.10
9;7;2;22;0.06
9;7;2;23;0.06
9;7;2;24;0.06
9;7;2;25;0.09
9;7;2;26;0.09
9;7;2;27;0.09
9;7;2;28;0.07
9;7;2;29;0.07
9;7;2;30;0.07
9;7;2;31;0.14
9;7;2;32;0.14
9;7;2;33;0.14
10;7;2;7;0.17
10;7;2;8;0.17
10;7;2;9;0.17
10;7;2;10;0.15
10;7;2;11;0.15
10;7;2;12;0.15
10;7;2;13;0.19
10;7;2;14;0.19
10;7;2;15;0.19
10;7;2;16;0.15
10;7;2;17;0.15
10;7;2;18;0.15
10;7;2;19;0.10
10;7;2;20;0.10
10;7;2;21;0.10
10;7;2;22;0.06
10;7;2;23;0.06
10;7;2;24;0.06
10;7;2;25;0.09
10;7;2;26;0.09
10;7;2;27;0.09
10;7;2;28;0.07
10;7;2;29;0.07
10;7;2;30;0.07
10;7;2;31;0.14
10;7;2;32;0.14
10;7;2;33;0.14
11;7;2;7;0.23
11;7;2;8;0.23
11;7;2;9;0.23
11;7;2;10;0.26
11;7;2;11;0.26
11;7;2;12;0.26
11;7;2;13;0.17
11;7;2;14;0.17
11;7;2;15;0.17
11;7;2;16;0.23
11;7;2;17;0.23
11;7;2;18;0.23
11;7;2;19;0.15
11;7;2;20;0.15
11;7;2;21;0.15
11;7;2;22;0.08
11;7;2;23;0.08
11;7;2;24;0.08
11;7;2;25;0.13
11;7;2;26;0.13
11;7;2;27;0.13
11;7;2;28;0.17
11;7;2;29;0.17
11;7;2;30;0.17
11;7;2;31;0.27
11;7;2;32;0.27
11;7;2;33;0.27
12;7;2;7;0.23
12;7;2;8;0.23
12;7;2;9;0.23
12;7;2;10;0.26
12;7;2;11;0.26
12;7;2;12;0.26
12;7;2;13;0.17
12;7;2;14;0.17
12;7;2;15;0.17
12;7;2;16;0.23
12;7;2;17;0.23
12;7;2;18;0.23
12;7;2;19;0.15
12;7;2;20;0.15
12;7;2;21;0.15
12;7;2;22;0.08
12;7;2;23;0.08
12;7;2;24;0.08
12;7;2;25;0.13
12;7;2;26;0.13
12;7;2;27;0.13
12;7;2;28;0.17
12;7;2;29;0.17
12;7;2;30;0.17
12;7;2;31;0.27
12;7;2;32;0.27
12;7;2;33;0.27
13;7;2;7;0.23
13;7;2;8;0.23
13;7;2;9;0.23
13;7;2;10;0.26
13;7;2;11;0.26
13;7;2;12;0.26
13;7;2;13;0.17
13;7;2;14;0.17
13;7;2;15;0.17
13;7;2;16;0.23
13;7;2;17;0.23
13;7;2;18;0.23
13;7;2;19;0.15
13;7;2;20;0.15
13;7;2;21;0.15
13;7;2;22;0.08
13;7;2;23;0.08
13;7;2;24;0.08
13;7;2;25;0.13
13;7;2;26;0.13
13;7;2;27;0.13
13;7;2;28;0.17
13;7;2;29;0.17
13;7;2;30;0.17
13;7;2;31;0.27
13;7;2;32;0.27
13;7;2;33;0.27
14;7;2;7;0.26
14;7;2;8;0.26
14;7;2;9;0.26
14;7;2;10;0.39
14;7;2;11;0.39
14;7;2;12;0.39
14;7;2;13;0.30
14;7;2;14;0.30
14;7;2;15;0.30
14;7;2;16;0.26
14;7;2;17;0.26
14;7;2;18;0.26
14;7;2;19;0.11
14;7;2;20;0.11
14;7;2;21;0.11
14;7;2;25;0.05
14;7;2;26;0.05
14;7;2;27;0.05
14;7;2;28;0.04
14;7;2;29;0.04
14;7;2;30;0.04
14;7;2;31;0.16
14;7;2;32;0.16
14;7;2;33;0.16
15;7;2;7;0.26
15;7;2;8;0.26
15;7;2;9;0.26
15;7;2;10;0.39
15;7;2;11;0.39
15;7;2;12;0.39
15;7;2;13;0.30
15;7;2;14;0.30
15;7;2;15;0.30
15;7;2;16;0.26
15;7;2;17;0.26
15;7;2;18;0.26
15;7;2;19;0.11
15;7;2;20;0.11
15;7;2;21;0.11
15;7;2;25;0.05
15;7;2;26;0.05
15;7;2;27;0.05
15;7;2;28;0.04
15;7;2;29;0.04
15;7;2;30;0.04
15;7;2;31;0.16
15;7;2;32;0.16
15;7;2;33;0.16
16;2;2;10;0.14
16;2;2;11;0.14
16;2;2;12;0.14
16;2;2;13;0.09
16;2;2;14;0.09
16;2;2;15;0.09
16;2;2;16;0.09
16;2;2;17;0.09
16;2;2;18;0.09
16;2;2;22;0.10
16;2;2;23;0.10
16;2;2;24;0.10
16;2;2;25;0.30
16;2;2;26;0.30
16;2;2;27;0.30
16;2;2;28;0.36
16;2;2;29;0.36
16;2;2;30;0.36
16;2;2;31;0.30
16;2;2;32;0.30
16;2;2;33;0.30
16;7;2;7;0.26
16;7;2;8;0.26
16;7;2;9;0.26
16;7;2;10;0.39
16;7;2;11;0.39
16;7;2;12;0.39
16;7;2;13;0.30
16;7;2;14;0.30
16;7;2;15;0.30
16;7;2;16;0.26
16;7;2;17;0.26
16;7;2;18;0.26
16;7;2;19;0.11
16;7;2;20;0.11
16;7;2;21;0.11
16;7;2;25;0.05
16;7;2;26;0.05
16;7;2;27;0.05
16;7;2;28;0.04
16;7;2;29;0.04
16;7;2;30;0.04
16;7;2;31;0.16
16;7;2;32;0.16
16;7;2;33;0.16
17;7;2;7;0.11
17;7;2;8;0.11
17;7;2;9;0.11
17;7;2;13;0.09
17;7;2;14;0.09
17;7;2;15;0.09
17;7;2;16;0.11
17;7;2;17;0.11
17;7;2;18;0.11
17;7;2;19;0.11
17;7;2;20;0.11
17;7;2;21;0.11
17;7;2;25;0.03
17;7;2;26;0.03
17;7;2;27;0.03
17;7;2;28;0.12
17;7;2;29;0.12
17;7;2;30;0.12
17;7;2;31;0.12
17;7;2;32;0.12
17;7;2;33;0.12
17;7;3;7;0.03
17;7;3;8;0.03
17;7;3;9;0.03
17;7;3;13;0.03
17;7;3;14;0.03
17;7;3;15;0.03
18;1;2;7;0.57
18;1;2;8;0.57
18;1;2;9;0.57
18;1;2;10;0.57
18;1;2;11;0.57
18;1;2;12;0.57
18;1;2;13;0.57
18;1;2;14;0.57
18;1;2;15;0.57
18;1;3;7;0.10
18;1;3;8;0.10
18;1;3;9;0.10
18;1;3;10;0.10
18;1;3;11;0.10
18;1;3;12;0.10
18;1;3;13;0.10
18;1;3;14;0.10
18;1;3;15;0.10
19;7;2;7;0.10
19;7;2;8;0.10
19;7;2;9;0.10
19;7;2;10;0.14
19;7;2;11;0.14
19;7;2;12;0.14
19;7;2;13;0.31
19;7;2;14;0.31
19;7;2;15;0.31
19;7;2;16;0.36
19;7;2;17;0.36
19;7;2;18;0.36
19;7;2;19;0.24
19;7;2;20;0.24
19;7;2;21;0.24
19;7;2;22;0.06
19;7;2;23;0.06
19;7;2;24;0.06
19;7;2;28;0.02
19;7;2;29;0.02
19;7;2;30;0.02
19;7;2;31;0.12
19;7;2;32;0.12
19;7;2;33;0.12
20;7;2;13;0.19
20;7;2;14;0.19
20;7;2;15;0.19
20;7;2;16;0.31
20;7;2;17;0.31
20;7;2;18;0.31
20;7;2;19;0.30
20;7;2;20;0.30
20;7;2;21;0.30
20;7;2;22;0.14
20;7;2;23;0.14
20;7;2;24;0.14
20;7;2;25;0.05
20;7;2;26;0.05
20;7;2;27;0.05
20;7;2;28;0.11
20;7;2;29;0.11
20;7;2;30;0.11
20;7;2;31;0.08
20;7;2;32;0.08
20;7;2;33;0.08
21;1;2;7;0.52
21;1;2;8;0.52
21;1;2;9;0.52
21;1;2;10;0.52
21;1;2;11;0.52
21;1;2;12;0.52
21;1;2;13;0.52
21;1;2;14;0.52
21;1;2;15;0.52
21;1;3;7;0.10
21;1;3;8;0.10
21;1;3;9;0.10
21;1;3;10;0.10
21;1;3;11;0.10
21;1;3;12;0.10
21;1;3;13;0.10
21;1;3;14;0.10
21;1;3;15;0.10
22;1;2;7;0.43
22;1;2;8;0.43
22;1;2;9;0.43
22;1;2;28;0.10
22;1;2;29;0.10
22;1;2;30;0.10
22;1;2;31;0.20
22;1;2;32;0.20
22;1;2;33;0.20
22;3;2;7;0.43
22;3;2;8;0.43
22;3;2;9;0.43
22;3;2;10;0.11
22;3;2;11;0.11
22;3;2;12;0.11
22;3;2;22;0.18
22;3;2;23;0.18
22;3;2;24;0.18
22;3;2;25;0.18
22;3;2;26;0.18
22;3;2;27;0.18
22;3;2;28;0.17
22;3;2;29;0.17
22;3;2;30;0.17
22;3;2;31;0.09
22;3;2;32;0.09
22;3;2;33;0.09
22;7;2;7;0.31
22;7;2;8;0.31
22;7;2;9;0.31
22;7;2;10;0.11
22;7;2;11;0.11
22;7;2;12;0.11
22;7;2;13;0.09
22;7;2;14;0.09
22;7;2;15;0.09
22;7;2;16;0.22
22;7;2;17;0.22
22;7;2;18;0.22
22;7;2;19;0.28
22;7;2;20;0.28
22;7;2;21;0.28
22;7;2;22;0.24
22;7;2;23;0.24
22;7;2;24;0.24
22;7;2;25;0.12
22;7;2;26;0.12
22;7;2;27;0.12
22;7;2;28;0.08
22;7;2;29;0.08
22;7;2;30;0.08
22;7;2;31;0.17
22;7;2;32;0.17
22;7;2;33;0.17
23;1;2;7;0.57
23;1;2;8;0.57
23;1;2;9;0.57
23;1;2;10;0.57
23;1;2;11;0.57
23;1;2;12;0.57
23;1;2;13;0.57
23;1;2;14;0.57
23;1;2;15;0.57
23;1;3;7;0.10
23;1;3;8;0.10
23;1;3;9;0.10
23;1;3;10;0.10
23;1;3;11;0.10
23;1;3;12;0.10
23;1;3;13;0.10
23;1;3;14;0.10
23;1;3;15;0.10
24;7;2;7;0.67
24;7;2;8;0.67
24;7;2;9;0.67
24;7;2;10;0.54
24;7;2;11;0.54
24;7;2;12;0.54
25;7;2;7;0.15
25;7;2;8;0.15
25;7;2;9;0.15
25;7;2;10;0.39
25;7;2;11;0.39
25;7;2;12;0.39
25;7;2;13;0.68
25;7;2;14;0.68
25;7;2;15;0.68
25;7;2;16;0.74
25;7;2;17;0.74
25;7;2;18;0.74
25;7;2;19;0.58
25;7;2;20;0.58
25;7;2;21;0.58
25;7;2;22;0.17
25;7;2;23;0.17
25;7;2;24;0.17
25;7;2;25;0.40
25;7;2;26;0.40
25;7;2;27;0.40
25;7;2;28;0.14
25;7;2;29;0.14
25;7;2;30;0.14
25;7;2;31;0.14
25;7;2;32;0.14
25;7;2;33;0.14
26;1;2;7;0.46
26;1;2;8;0.46
26;1;2;9;0.46
26;1;2;10;0.46
26;1;2;11;0.46
26;1;2;12;0.46
26;1;2;13;0.46
26;1;2;14;0.46
26;1;2;15;0.46
26;1;3;7;0.10
26;1;3;8;0.10
26;1;3;9;0.10
26;1;3;10;0.10
26;1;3;11;0.10
26;1;3;12;0.10
26;1;3;13;0.10
26;1;3;14;0.10
26;1;3;15;0.10
27;1;2;7;0.40
27;1;2;8;0.40
27;1;2;9;0.40
27;1;2;10;0.40
27;1;2;11;0.40
27;1;2;12;0.40
27;1;2;13;0.40
27;1;2;14;0.40
27;1;2;15;0.40
27;1;3;7;0.10
27;1;3;8;0.10
27;1;3;9;0.10
27;1;3;10;0.10
27;1;3;11;0.10
27;1;3;12;0.10
27;1;3;13;0.10
27;1;3;14;0.10
27;1;3;15;0.10
28;1;2;7;0.50
28;1;2;8;0.50
28;1;2;9;0.50
28;1;2;10;0.50
28;1;2;11;0.50
28;1;2;12;0.50
28;1;2;13;0.50
28;1;2;14;0.50
28;1;2;15;0.50
28;1;3;7;0.10
28;1;3;8;0.10
28;1;3;9;0.10
28;1;3;10;0.10
28;1;3;11;0.10
28;1;3;12;0.10
28;1;3;13;0.10
28;1;3;14;0.10
28;1;3;15;0.10
29;1;2;7;0.25
29;1;2;8;0.25
29;1;2;9;0.25
29;1;2;10;0.25
29;1;2;11;0.25
29;1;2;12;0.25
29;1;2;13;0.25
29;1;2;14;0.25
29;1;2;15;0.25
29;1;3;7;0.10
29;1;3;8;0.10
29;1;3;9;0.10
29;1;3;10;0.10
29;1;3;11;0.10
29;1;3;12;0.10
29;1;3;13;0.10
29;1;3;14;0.10
29;1;3;15;0.10
30;1;3;7;0.10
30;1;3;8;0.10
30;1;3;9;0.10
30;1;3;10;0.10
30;1;3;11;0.10
30;1;3;12;0.10
30;1;3;13;0.10
30;1;3;14;0.10
30;1;3;15;0.10
31;1;2;7;0.33
31;1;2;8;0.33
31;1;2;9;0.33
31;1;2;10;0.33
31;1;2;11;0.33
31;1;2;12;0.33
31;1;2;13;0.33
31;1;2;14;0.33
31;1;2;15;0.33
31;1;3;7;0.10
31;1;3;8;0.10
31;1;3;9;0.10
31;1;3;10;0.10
31;1;3;11;0.10
31;1;3;12;0.10
31;1;3;13;0.10
31;1;3;14;0.10
31;1;3;15;0.10
32;1;2;7;0.58
32;1;2;8;0.58
32;1;2;9;0.58
32;1;2;10;0.58
32;1;2;11;0.58
32;1;2;12;0.58
32;1;2;13;0.58
32;1;2;14;0.58
32;1;2;15;0.58
32;1;3;7;0.10
32;1;3;8;0.10
32;1;3;9;0.10
32;1;3;10;0.10
32;1;3;11;0.10
32;1;3;12;0.10
32;1;3;13;0.10
32;1;3;14;0.10
32;1;3;15;0.10
33;1;2;7;0.50
33;1;2;8;0.50
33;1;2;9;0.50
33;1;2;10;0.50
33;1;2;11;0.50
33;1;2;12;0.50
33;1;2;13;0.50
33;1;2;14;0.50
33;1;2;15;0.50
33;1;3;7;0.10
33;1;3;8;0.10
33;1;3;9;0.10
33;1;3;10;0.10
33;1;3;11;0.10
33;1;3;12;0.10
33;1;3;13;0.10
33;1;3;14;0.10
33;1;3;15;0.10
34;1;3;7;0.10
34;1;3;8;0.10
34;1;3;9;0.10
34;1;3;10;0.10
34;1;3;11;0.10
34;1;3;12;0.10
34;1;3;13;0.10
34;1;3;14;0.10
34;1;3;15;0.10
35;1;2;7;0.20
35;1;2;8;0.20
35;1;2;9;0.20
35;1;2;10;0.20
35;1;2;11;0.20
35;1;2;12;0.20
35;1;2;13;0.20
35;1;2;14;0.20
35;1;2;15;0.20
35;1;3;7;0.10
35;1;3;8;0.10
35;1;3;9;0.10
35;1;3;10;0.10
35;1;3;11;0.10
35;1;3;12;0.10
35;1;3;13;0.10
35;1;3;14;0.10
35;1;3;15;0.10

