IDRebaño;t;UP
1;1;8
1;1;13
1;1;16
1;2;8
1;2;13
1;2;16
1;3;8
1;3;13
1;3;16
1;4;8
1;4;13
1;4;16
1;5;8
1;5;13
1;5;16
1;6;8
1;6;13
1;6;16
1;7;8
1;7;13
1;7;16
1;8;8
1;8;13
1;8;16
1;9;8
1;9;13
1;9;16
1;10;8
1;10;13
1;10;16
1;11;8
1;11;13
1;11;16
1;12;8
1;12;13
1;12;16
1;13;13
1;13;16
1;13;17
1;14;13
1;14;16
1;14;17
1;15;13
1;15;16
1;15;17
1;16;13
1;16;16
1;16;17
1;17;13
1;17;16
1;17;17
1;18;13
1;18;16
1;18;17
1;19;13
1;19;16
1;19;17
1;20;13
1;20;16
1;20;17
1;21;13
1;21;16
1;21;17
1;22;13
1;22;16
1;22;17
1;23;13
1;23;16
1;23;17
1;24;13
1;24;16
1;24;17
1;25;13
1;25;16
1;25;17
1;26;13
1;26;16
1;26;17
1;27;13
1;27;16
1;27;17
1;28;8
1;28;13
1;28;16
1;29;8
1;29;13
1;29;16
1;30;8
1;30;13
1;30;16
1;31;8
1;31;13
1;31;16
1;32;8
1;32;13
1;32;16
1;33;8
1;33;13
1;33;16
1;34;8
1;34;13
1;34;16
1;35;8
1;35;13
1;35;16
1;36;8
1;36;13
1;36;16
2;7;7
2;8;7
2;9;7
2;10;8
2;11;8
2;12;8
2;13;13
2;13;16
2;13;17
2;14;13
2;14;16
2;14;17
2;15;13
2;15;16
2;15;17
2;16;13
2;16;16
2;16;17
2;17;13
2;17;16
2;17;17
2;18;13
2;18;16
2;18;17
2;19;13
2;19;16
2;19;17
2;20;13
2;20;16
2;20;17
2;21;13
2;21;16
2;21;17
2;22;13
2;22;16
2;22;17
2;23;13
2;23;16
2;23;17
2;24;13
2;24;16
2;24;17
2;25;7
2;26;7
2;27;7
2;28;7
2;29;7
2;30;7
2;31;7
2;32;7
2;33;7
3;7;8
3;8;8
3;9;8
3;10;9
3;10;11
3;10;14
3;11;9
3;11;11
3;11;14
3;12;9
3;12;11
3;12;14
3;13;13
3;13;16
3;13;17
3;14;13
3;14;16
3;14;17
3;15;13
3;15;16
3;15;17
3;16;13
3;16;16
3;16;17
3;17;13
3;17;16
3;17;17
3;18;13
3;18;16
3;18;17
3;19;13
3;19;16
3;19;17
3;20;13
3;20;16
3;20;17
3;21;13
3;21;16
3;21;17
3;22;13
3;22;16
3;22;17
3;23;13
3;23;16
3;23;17
3;24;13
3;24;16
3;24;17
3;25;13
3;25;16
3;25;17
3;26;13
3;26;16
3;26;17
3;27;13
3;27;16
3;27;17
3;28;8
3;29;8
3;30;8
3;31;8
3;32;8
3;33;8
4;7;9
4;8;9
4;9;9
4;10;9
4;10;11
4;10;14
4;11;9
4;11;11
4;11;14
4;12;9
4;12;11
4;12;14
4;13;13
4;13;16
4;13;17
4;14;13
4;14;16
4;14;17
4;15;13
4;15;16
4;15;17
4;16;13
4;16;16
4;16;17
4;17;13
4;17;16
4;17;17
4;18;13
4;18;16
4;18;17
4;19;13
4;19;16
4;19;17
4;20;13
4;20;16
4;20;17
4;21;13
4;21;16
4;21;17
4;22;13
4;22;16
4;22;17
4;23;13
4;23;16
4;23;17
4;24;13
4;24;16
4;24;17
4;25;8
4;26;8
4;27;8
4;28;8
4;29;8
4;30;8
4;31;8
4;32;8
4;33;8
5;7;12
5;8;12
5;9;12
5;10;12
5;11;12
5;12;12
5;13;13
5;13;16
5;13;17
5;14;13
5;14;16
5;14;17
5;15;13
5;15;16
5;15;17
5;16;13
5;16;16
5;16;17
5;17;13
5;17;16
5;17;17
5;18;13
5;18;16
5;18;17
5;19;13
5;19;16
5;19;17
5;20;13
5;20;16
5;20;17
5;21;13
5;21;16
5;21;17
5;22;13
5;22;16
5;22;17
5;23;13
5;23;16
5;23;17
5;24;13
5;24;16
5;24;17
5;25;12
5;26;12
5;27;12
5;28;12
5;29;12
5;30;12
5;31;12
5;32;12
5;33;12
6;7;8
6;8;8
6;9;8
6;10;8
6;11;8
6;12;8
6;13;13
6;13;16
6;13;17
6;14;13
6;14;16
6;14;17
6;15;13
6;15;16
6;15;17
6;16;13
6;16;16
6;16;17
6;17;13
6;17;16
6;17;17
6;18;13
6;18;16
6;18;17
6;19;13
6;19;16
6;19;17
6;20;13
6;20;16
6;20;17
6;21;13
6;21;16
6;21;17
6;22;13
6;22;16
6;22;17
6;23;13
6;23;16
6;23;17
6;24;13
6;24;16
6;24;17
6;25;8
6;26;8
6;27;8
6;28;8
6;29;8
6;30;8
6;31;8
6;32;8
6;33;8
7;1;9
7;1;11
7;1;13
7;1;16
7;1;17
7;2;9
7;2;11
7;2;13
7;2;16
7;2;17
7;3;9
7;3;11
7;3;13
7;3;16
7;3;17
7;4;9
7;4;11
7;4;13
7;4;16
7;4;17
7;5;9
7;5;11
7;5;13
7;5;16
7;5;17
7;6;9
7;6;11
7;6;13
7;6;16
7;6;17
7;7;9
7;7;11
7;7;13
7;7;16
7;7;17
7;8;9
7;8;11
7;8;13
7;8;16
7;8;17
7;9;9
7;9;11
7;9;13
7;9;16
7;9;17
7;10;9
7;10;11
7;10;13
7;10;16
7;10;17
7;11;9
7;11;11
7;11;13
7;11;16
7;11;17
7;12;9
7;12;11
7;12;13
7;12;16
7;12;17
7;13;13
7;13;16
7;13;17
7;13;19
7;13;20
7;13;21
7;13;23
7;13;24
7;14;13
7;14;16
7;14;17
7;14;19
7;14;20
7;14;21
7;14;23
7;14;24
7;15;13
7;15;16
7;15;17
7;15;19
7;15;20
7;15;21
7;15;23
7;15;24
7;16;13
7;16;16
7;16;17
7;16;19
7;16;20
7;16;21
7;16;23
7;16;24
7;17;13
7;17;16
7;17;17
7;17;19
7;17;20
7;17;21
7;17;23
7;17;24
7;18;13
7;18;16
7;18;17
7;18;19
7;18;20
7;18;21
7;18;23
7;18;24
7;19;13
7;19;16
7;19;17
7;19;19
7;19;20
7;19;21
7;19;23
7;19;24
7;20;13
7;20;16
7;20;17
7;20;19
7;20;20
7;20;21
7;20;23
7;20;24
7;21;13
7;21;16
7;21;17
7;21;19
7;21;20
7;21;21
7;21;23
7;21;24
7;22;13
7;22;16
7;22;17
7;22;19
7;22;20
7;22;21
7;22;23
7;22;24
7;23;13
7;23;16
7;23;17
7;23;19
7;23;20
7;23;21
7;23;23
7;23;24
7;24;13
7;24;16
7;24;17
7;24;19
7;24;20
7;24;21
7;24;23
7;24;24
7;25;13
7;25;16
7;25;17
7;25;19
7;25;20
7;25;21
7;25;23
7;25;24
7;26;13
7;26;16
7;26;17
7;26;19
7;26;20
7;26;21
7;26;23
7;26;24
7;27;13
7;27;16
7;27;17
7;27;19
7;27;20
7;27;21
7;27;23
7;27;24
7;28;9
7;28;11
7;28;13
7;28;16
7;28;17
7;29;9
7;29;11
7;29;13
7;29;16
7;29;17
7;30;9
7;30;11
7;30;13
7;30;16
7;30;17
7;31;9
7;31;11
7;31;13
7;31;16
7;31;17
7;32;9
7;32;11
7;32;13
7;32;16
7;32;17
7;33;9
7;33;11
7;33;13
7;33;16
7;33;17
7;34;9
7;34;11
7;34;13
7;34;16
7;34;17
7;35;9
7;35;11
7;35;13
7;35;16
7;35;17
7;36;9
7;36;11
7;36;13
7;36;16
7;36;17
8;7;12
8;8;12
8;9;12
8;10;12
8;11;12
8;12;12
8;13;20
8;13;21
8;13;23
8;13;24
8;14;20
8;14;21
8;14;23
8;14;24
8;15;20
8;15;21
8;15;23
8;15;24
8;16;20
8;16;21
8;16;23
8;16;24
8;17;20
8;17;21
8;17;23
8;17;24
8;18;20
8;18;21
8;18;23
8;18;24
8;19;20
8;19;21
8;19;23
8;19;24
8;20;20
8;20;21
8;20;23
8;20;24
8;21;20
8;21;21
8;21;23
8;21;24
8;22;20
8;22;21
8;22;23
8;22;24
8;23;20
8;23;21
8;23;23
8;23;24
8;24;20
8;24;21
8;24;23
8;24;24
8;25;12
8;26;12
8;27;12
8;28;12
8;29;12
8;30;12
8;31;12
8;32;12
8;33;12
9;7;7
9;8;7
9;9;7
9;10;7
9;11;7
9;12;7
9;13;20
9;13;21
9;13;23
9;13;24
9;14;20
9;14;21
9;14;23
9;14;24
9;15;20
9;15;21
9;15;23
9;15;24
9;16;20
9;16;21
9;16;23
9;16;24
9;17;20
9;17;21
9;17;23
9;17;24
9;18;20
9;18;21
9;18;23
9;18;24
9;19;20
9;19;21
9;19;23
9;19;24
9;20;20
9;20;21
9;20;23
9;20;24
9;21;20
9;21;21
9;21;23
9;21;24
9;22;20
9;22;21
9;22;23
9;22;24
9;23;20
9;23;21
9;23;23
9;23;24
9;24;20
9;24;21
9;24;23
9;24;24
9;25;7
9;26;7
9;27;7
9;28;7
9;29;7
9;30;7
9;31;7
9;32;7
9;33;7
10;7;9
10;7;11
10;7;14
10;8;9
10;8;11
10;8;14
10;9;9
10;9;11
10;9;14
10;10;9
10;10;11
10;10;14
10;11;9
10;11;11
10;11;14
10;12;9
10;12;11
10;12;14
10;13;20
10;13;21
10;13;23
10;13;24
10;14;20
10;14;21
10;14;23
10;14;24
10;15;20
10;15;21
10;15;23
10;15;24
10;16;20
10;16;21
10;16;23
10;16;24
10;17;20
10;17;21
10;17;23
10;17;24
10;18;20
10;18;21
10;18;23
10;18;24
10;19;20
10;19;21
10;19;23
10;19;24
10;20;20
10;20;21
10;20;23
10;20;24
10;21;20
10;21;21
10;21;23
10;21;24
10;22;20
10;22;21
10;22;23
10;22;24
10;23;20
10;23;21
10;23;23
10;23;24
10;24;20
10;24;21
10;24;23
10;24;24
10;25;9
10;26;9
10;27;9
10;28;9
10;28;11
10;29;9
10;29;11
10;30;9
10;30;11
10;31;9
10;31;11
10;32;9
10;32;11
10;33;9
10;33;11
11;7;12
11;8;12
11;9;12
11;10;12
11;11;12
11;12;12
11;13;24
11;13;25
11;13;26
11;14;24
11;14;25
11;14;26
11;15;24
11;15;25
11;15;26
11;16;24
11;16;25
11;16;26
11;17;24
11;17;25
11;17;26
11;18;24
11;18;25
11;18;26
11;19;24
11;19;25
11;19;26
11;20;24
11;20;25
11;20;26
11;21;24
11;21;25
11;21;26
11;22;24
11;22;25
11;22;26
11;23;24
11;23;25
11;23;26
11;24;24
11;24;25
11;24;26
11;25;12
11;25;25
11;26;12
11;26;25
11;27;12
11;27;25
11;28;12
11;28;25
11;29;12
11;29;25
11;30;12
11;30;25
11;31;12
11;31;25
11;32;12
11;32;25
11;33;12
11;33;25
12;7;8
12;8;8
12;9;8
12;10;8
12;11;8
12;12;8
12;13;24
12;13;25
12;13;26
12;14;24
12;14;25
12;14;26
12;15;24
12;15;25
12;15;26
12;16;24
12;16;25
12;16;26
12;17;24
12;17;25
12;17;26
12;18;24
12;18;25
12;18;26
12;19;24
12;19;25
12;19;26
12;20;24
12;20;25
12;20;26
12;21;24
12;21;25
12;21;26
12;22;24
12;22;25
12;22;26
12;23;24
12;23;25
12;23;26
12;24;24
12;24;25
12;24;26
12;25;12
12;25;25
12;26;12
12;26;25
12;27;12
12;27;25
12;28;12
12;28;25
12;29;12
12;29;25
12;30;12
12;30;25
12;31;12
12;31;25
12;32;12
12;32;25
12;33;12
12;33;25
13;7;9
13;7;11
13;7;14
13;7;15
13;8;9
13;8;11
13;8;14
13;8;15
13;9;9
13;9;11
13;9;14
13;9;15
13;10;9
13;10;11
13;10;14
13;10;15
13;11;9
13;11;11
13;11;14
13;11;15
13;12;9
13;12;11
13;12;14
13;12;15
13;13;24
13;13;25
13;13;26
13;14;24
13;14;25
13;14;26
13;15;24
13;15;25
13;15;26
13;16;24
13;16;25
13;16;26
13;17;24
13;17;25
13;17;26
13;18;24
13;18;25
13;18;26
13;19;24
13;19;25
13;19;26
13;20;24
13;20;25
13;20;26
13;21;24
13;21;25
13;21;26
13;22;24
13;22;25
13;22;26
13;23;24
13;23;25
13;23;26
13;24;24
13;24;25
13;24;26
13;25;9
13;25;14
13;25;15
13;26;9
13;26;14
13;26;15
13;27;9
13;27;14
13;27;15
13;28;9
13;28;11
13;28;14
13;28;15
13;29;9
13;29;11
13;29;14
13;29;15
13;30;9
13;30;11
13;30;14
13;30;15
13;31;9
13;31;11
13;31;14
13;31;15
13;32;9
13;32;11
13;32;14
13;32;15
13;33;9
13;33;11
13;33;14
13;33;15
14;7;7
14;8;7
14;9;7
14;10;7
14;11;7
14;12;7
14;13;18
14;13;19
14;13;20
14;13;21
14;14;18
14;14;19
14;14;20
14;14;21
14;15;18
14;15;19
14;15;20
14;15;21
14;16;18
14;16;19
14;16;20
14;16;21
14;17;18
14;17;19
14;17;20
14;17;21
14;18;18
14;18;19
14;18;20
14;18;21
14;19;18
14;19;19
14;19;20
14;19;21
14;20;18
14;20;19
14;20;20
14;20;21
14;21;18
14;21;19
14;21;20
14;21;21
14;22;18
14;22;19
14;22;20
14;22;21
14;23;18
14;23;19
14;23;20
14;23;21
14;24;18
14;24;19
14;24;20
14;24;21
14;25;12
14;25;14
14;25;15
14;26;12
14;26;14
14;26;15
14;27;12
14;27;14
14;27;15
14;28;11
14;28;12
14;28;14
14;28;15
14;29;11
14;29;12
14;29;14
14;29;15
14;30;11
14;30;12
14;30;14
14;30;15
14;31;11
14;31;12
14;31;14
14;31;15
14;32;11
14;32;12
14;32;14
14;32;15
14;33;11
14;33;12
14;33;14
14;33;15
15;7;8
15;7;9
15;7;13
15;8;8
15;8;9
15;8;13
15;9;8
15;9;9
15;9;13
15;10;8
15;10;9
15;10;13
15;11;8
15;11;9
15;11;13
15;12;8
15;12;9
15;12;13
15;13;18
15;13;19
15;13;20
15;13;21
15;14;18
15;14;19
15;14;20
15;14;21
15;15;18
15;15;19
15;15;20
15;15;21
15;16;18
15;16;19
15;16;20
15;16;21
15;17;18
15;17;19
15;17;20
15;17;21
15;18;18
15;18;19
15;18;20
15;18;21
15;19;18
15;19;19
15;19;20
15;19;21
15;20;18
15;20;19
15;20;20
15;20;21
15;21;18
15;21;19
15;21;20
15;21;21
15;22;18
15;22;19
15;22;20
15;22;21
15;23;18
15;23;19
15;23;20
15;23;21
15;24;18
15;24;19
15;24;20
15;24;21
15;25;12
15;25;14
15;25;15
15;26;12
15;26;14
15;26;15
15;27;12
15;27;14
15;27;15
15;28;11
15;28;12
15;28;14
15;28;15
15;29;11
15;29;12
15;29;14
15;29;15
15;30;11
15;30;12
15;30;14
15;30;15
15;31;11
15;31;12
15;31;14
15;31;15
15;32;11
15;32;12
15;32;14
15;32;15
15;33;11
15;33;12
15;33;14
15;33;15
16;7;12
16;7;15
16;8;12
16;8;15
16;9;12
16;9;15
16;10;12
16;10;15
16;11;12
16;11;15
16;12;12
16;12;15
16;13;18
16;13;19
16;13;20
16;13;21
16;14;18
16;14;19
16;14;20
16;14;21
16;15;18
16;15;19
16;15;20
16;15;21
16;16;18
16;16;19
16;16;20
16;16;21
16;17;18
16;17;19
16;17;20
16;17;21
16;18;18
16;18;19
16;18;20
16;18;21
16;19;18
16;19;19
16;19;20
16;19;21
16;20;18
16;20;19
16;20;20
16;20;21
16;21;18
16;21;19
16;21;20
16;21;21
16;22;18
16;22;19
16;22;20
16;22;21
16;23;18
16;23;19
16;23;20
16;23;21
16;24;18
16;24;19
16;24;20
16;24;21
16;25;12
16;25;14
16;25;15
16;26;12
16;26;14
16;26;15
16;27;12
16;27;14
16;27;15
16;28;11
16;28;12
16;28;14
16;28;15
16;29;11
16;29;12
16;29;14
16;29;15
16;30;11
16;30;12
16;30;14
16;30;15
16;31;11
16;31;12
16;31;14
16;31;15
16;32;11
16;32;12
16;32;14
16;32;15
16;33;11
16;33;12
16;33;14
16;33;15
17;7;12
17;8;12
17;9;12
17;10;12
17;11;12
17;12;12
17;13;24
17;13;25
17;13;26
17;14;24
17;14;25
17;14;26
17;15;24
17;15;25
17;15;26
17;16;24
17;16;25
17;16;26
17;17;24
17;17;25
17;17;26
17;18;24
17;18;25
17;18;26
17;19;24
17;19;25
17;19;26
17;20;24
17;20;25
17;20;26
17;21;24
17;21;25
17;21;26
17;22;24
17;22;25
17;22;26
17;23;24
17;23;25
17;23;26
17;24;24
17;24;25
17;24;26
17;25;12
17;25;25
17;26;12
17;26;25
17;27;12
17;27;25
17;28;12
17;28;25
17;29;12
17;29;25
17;30;12
17;30;25
17;31;12
17;32;12
17;33;12
18;1;28
18;1;29
18;1;31
18;1;32
18;1;35
18;2;28
18;2;29
18;2;31
18;2;32
18;2;35
18;3;28
18;3;29
18;3;31
18;3;32
18;3;35
18;4;28
18;4;29
18;4;31
18;4;32
18;4;35
18;5;28
18;5;29
18;5;31
18;5;32
18;5;35
18;6;28
18;6;29
18;6;31
18;6;32
18;6;35
18;7;28
18;7;29
18;7;31
18;7;32
18;7;35
18;8;28
18;8;29
18;8;31
18;8;32
18;8;35
18;9;28
18;9;29
18;9;31
18;9;32
18;9;35
18;10;28
18;10;29
18;10;31
18;10;32
18;10;35
18;11;28
18;11;29
18;11;31
18;11;32
18;11;35
18;12;28
18;12;29
18;12;31
18;12;32
18;12;35
18;13;28
18;13;29
18;13;31
18;13;32
18;13;35
18;14;28
18;14;29
18;14;31
18;14;32
18;14;35
18;15;28
18;15;29
18;15;31
18;15;32
18;15;35
18;16;28
18;16;29
18;16;31
18;16;32
18;17;28
18;17;29
18;17;31
18;17;32
18;18;28
18;18;29
18;18;31
18;18;32
18;19;28
18;19;29
18;19;31
18;19;32
18;20;28
18;20;29
18;20;31
18;20;32
18;21;28
18;21;29
18;21;31
18;21;32
18;22;28
18;22;29
18;22;31
18;22;32
18;23;28
18;23;29
18;23;31
18;23;32
18;24;28
18;24;29
18;24;31
18;24;32
18;25;28
18;25;29
18;25;31
18;25;32
18;26;28
18;26;29
18;26;31
18;26;32
18;27;28
18;27;29
18;27;31
18;27;32
18;28;28
18;28;29
18;28;31
18;28;32
18;28;35
18;29;28
18;29;29
18;29;31
18;29;32
18;29;35
18;30;28
18;30;29
18;30;31
18;30;32
18;30;35
18;31;28
18;31;29
18;31;31
18;31;32
18;31;35
18;32;28
18;32;29
18;32;31
18;32;32
18;32;35
18;33;28
18;33;29
18;33;31
18;33;32
18;33;35
18;34;28
18;34;29
18;34;31
18;34;32
18;34;35
18;35;28
18;35;29
18;35;31
18;35;32
18;35;35
18;36;28
18;36;29
18;36;31
18;36;32
18;36;35
19;7;32
19;7;35
19;7;46
19;8;32
19;8;35
19;8;46
19;9;32
19;9;35
19;9;46
19;10;32
19;10;35
19;10;46
19;11;32
19;11;35
19;11;46
19;12;32
19;12;35
19;12;46
19;13;29
19;13;31
19;14;29
19;14;31
19;14;901
19;14;902
19;15;29
19;15;31
19;15;901
19;15;902
19;16;29
19;16;31
19;16;901
19;16;902
19;17;29
19;17;31
19;17;901
19;17;902
19;18;29
19;18;31
19;18;901
19;18;902
19;19;29
19;19;31
19;19;901
19;19;902
19;20;29
19;20;31
19;20;901
19;20;902
19;21;29
19;21;31
19;21;901
19;21;902
19;22;29
19;22;31
19;22;901
19;22;902
19;23;29
19;23;31
19;23;901
19;23;902
19;24;29
19;24;31
19;24;901
19;24;902
19;25;29
19;25;31
19;25;901
19;25;902
19;26;29
19;26;31
19;26;901
19;26;902
19;27;29
19;27;31
19;27;901
19;27;902
19;28;32
19;28;35
19;29;32
19;29;35
19;30;32
19;30;35
19;31;32
19;31;35
19;32;32
19;32;35
19;33;32
19;33;35
20;7;35
20;7;44
20;7;46
20;8;35
20;8;44
20;8;46
20;9;35
20;9;44
20;9;46
20;10;35
20;10;44
20;10;46
20;11;35
20;11;44
20;11;46
20;12;35
20;12;44
20;12;46
20;13;31
20;13;32
20;13;901
20;14;31
20;14;32
20;14;901
20;15;31
20;15;32
20;15;901
20;16;31
20;16;32
20;16;901
20;17;31
20;17;32
20;17;901
20;18;31
20;18;32
20;18;901
20;19;31
20;19;32
20;19;901
20;20;31
20;20;32
20;20;901
20;21;31
20;21;32
20;21;901
20;22;31
20;22;32
20;22;901
20;23;31
20;23;32
20;23;901
20;24;31
20;24;32
20;24;901
20;25;31
20;25;32
20;25;901
20;26;31
20;26;32
20;26;901
20;27;31
20;27;32
20;27;901
20;28;35
20;29;35
20;30;35
20;31;35
20;32;35
20;33;35
21;1;29
21;1;31
21;1;32
21;1;35
21;1;42
21;1;44
21;1;46
21;2;29
21;2;31
21;2;32
21;2;35
21;2;42
21;2;44
21;2;46
21;3;29
21;3;31
21;3;32
21;3;35
21;3;42
21;3;44
21;3;46
21;4;29
21;4;31
21;4;32
21;4;35
21;4;42
21;4;44
21;4;46
21;5;29
21;5;31
21;5;32
21;5;35
21;5;42
21;5;44
21;5;46
21;6;29
21;6;31
21;6;32
21;6;35
21;6;42
21;6;44
21;6;46
21;7;29
21;7;31
21;7;32
21;7;35
21;7;42
21;7;44
21;7;46
21;8;29
21;8;31
21;8;32
21;8;35
21;8;42
21;8;44
21;8;46
21;9;29
21;9;31
21;9;32
21;9;35
21;9;42
21;9;44
21;9;46
21;10;29
21;10;31
21;10;32
21;10;35
21;10;42
21;10;44
21;10;46
21;11;29
21;11;31
21;11;32
21;11;35
21;11;42
21;11;44
21;11;46
21;12;29
21;12;31
21;12;32
21;12;35
21;12;42
21;12;44
21;12;46
21;13;29
21;13;31
21;13;32
21;13;35
21;13;42
21;13;44
21;13;46
21;14;29
21;14;31
21;14;32
21;14;35
21;14;42
21;14;44
21;14;46
21;15;29
21;15;31
21;15;32
21;15;35
21;15;42
21;15;44
21;15;46
21;16;29
21;16;31
21;16;32
21;16;42
21;16;44
21;16;46
21;17;29
21;17;31
21;17;32
21;17;42
21;17;44
21;17;46
21;18;29
21;18;31
21;18;32
21;18;42
21;18;44
21;18;46
21;19;29
21;19;31
21;19;32
21;19;42
21;19;44
21;19;46
21;20;29
21;20;31
21;20;32
21;20;42
21;20;44
21;20;46
21;21;29
21;21;31
21;21;32
21;21;42
21;21;44
21;21;46
21;22;29
21;22;31
21;22;32
21;22;42
21;22;44
21;22;46
21;23;29
21;23;31
21;23;32
21;23;42
21;23;44
21;23;46
21;24;29
21;24;31
21;24;32
21;24;42
21;24;44
21;24;46
21;25;29
21;25;31
21;25;32
21;25;42
21;25;44
21;25;46
21;26;29
21;26;31
21;26;32
21;26;42
21;26;44
21;26;46
21;27;29
21;27;31
21;27;32
21;27;42
21;27;44
21;27;46
21;28;29
21;28;31
21;28;32
21;28;35
21;28;42
21;28;44
21;28;46
21;29;29
21;29;31
21;29;32
21;29;35
21;29;42
21;29;44
21;29;46
21;30;29
21;30;31
21;30;32
21;30;35
21;30;42
21;30;44
21;30;46
21;31;29
21;31;31
21;31;32
21;31;35
21;31;42
21;31;44
21;31;46
21;32;29
21;32;31
21;32;32
21;32;35
21;32;42
21;32;44
21;32;46
21;33;29
21;33;31
21;33;32
21;33;35
21;33;42
21;33;44
21;33;46
21;34;29
21;34;31
21;34;32
21;34;35
21;34;42
21;34;44
21;34;46
21;35;29
21;35;31
21;35;32
21;35;35
21;35;42
21;35;44
21;35;46
21;36;29
21;36;31
21;36;32
21;36;35
21;36;42
21;36;44
21;36;46
22;7;35
22;7;42
22;7;44
22;7;46
22;8;35
22;8;42
22;8;44
22;8;46
22;9;35
22;9;42
22;9;44
22;9;46
22;10;35
22;10;42
22;10;44
22;10;46
22;11;35
22;11;42
22;11;44
22;11;46
22;12;35
22;12;42
22;12;44
22;12;46
22;13;46
22;14;46
22;15;46
22;16;46
22;17;46
22;18;46
22;19;46
22;20;46
22;21;46
22;22;46
22;23;46
22;24;46
22;25;46
22;26;46
22;27;46
22;28;35
22;29;35
22;30;35
22;31;35
22;32;35
22;33;35
23;1;35
23;1;42
23;1;44
23;1;46
23;1;47
23;1;49
23;1;50
23;2;35
23;2;42
23;2;44
23;2;46
23;2;47
23;2;49
23;2;50
23;3;35
23;3;42
23;3;44
23;3;46
23;3;47
23;3;49
23;3;50
23;4;35
23;4;42
23;4;44
23;4;46
23;4;47
23;4;49
23;4;50
23;5;35
23;5;42
23;5;44
23;5;46
23;5;47
23;5;49
23;5;50
23;6;35
23;6;42
23;6;44
23;6;46
23;6;47
23;6;49
23;6;50
23;7;35
23;7;42
23;7;44
23;7;46
23;7;47
23;7;49
23;7;50
23;8;35
23;8;42
23;8;44
23;8;46
23;8;47
23;8;49
23;8;50
23;9;35
23;9;42
23;9;44
23;9;46
23;9;47
23;9;49
23;9;50
23;10;35
23;10;42
23;10;44
23;10;46
23;10;47
23;10;49
23;10;50
23;11;35
23;11;42
23;11;44
23;11;46
23;11;47
23;11;49
23;11;50
23;12;35
23;12;42
23;12;44
23;12;46
23;12;47
23;12;49
23;12;50
23;13;35
23;13;42
23;13;44
23;13;46
23;13;47
23;13;49
23;13;50
23;14;35
23;14;42
23;14;44
23;14;46
23;14;47
23;14;49
23;14;50
23;15;35
23;15;42
23;15;44
23;15;46
23;15;47
23;15;49
23;15;50
23;16;42
23;16;44
23;16;46
23;16;47
23;16;49
23;16;50
23;17;42
23;17;44
23;17;46
23;17;47
23;17;49
23;17;50
23;18;42
23;18;44
23;18;46
23;18;47
23;18;49
23;18;50
23;19;42
23;19;44
23;19;46
23;19;47
23;19;49
23;19;50
23;20;42
23;20;44
23;20;46
23;20;47
23;20;49
23;20;50
23;21;42
23;21;44
23;21;46
23;21;47
23;21;49
23;21;50
23;22;42
23;22;44
23;22;46
23;22;47
23;22;49
23;22;50
23;23;42
23;23;44
23;23;46
23;23;47
23;23;49
23;23;50
23;24;42
23;24;44
23;24;46
23;24;47
23;24;49
23;24;50
23;25;42
23;25;44
23;25;46
23;25;47
23;25;49
23;25;50
23;26;42
23;26;44
23;26;46
23;26;47
23;26;49
23;26;50
23;27;42
23;27;44
23;27;46
23;27;47
23;27;49
23;27;50
23;28;35
23;28;42
23;28;44
23;28;46
23;28;47
23;28;49
23;28;50
23;29;35
23;29;42
23;29;44
23;29;46
23;29;47
23;29;49
23;29;50
23;30;35
23;30;42
23;30;44
23;30;46
23;30;47
23;30;49
23;30;50
23;31;35
23;31;42
23;31;44
23;31;46
23;31;47
23;31;49
23;31;50
23;32;35
23;32;42
23;32;44
23;32;46
23;32;47
23;32;49
23;32;50
23;33;35
23;33;42
23;33;44
23;33;46
23;33;47
23;33;49
23;33;50
23;34;35
23;34;42
23;34;44
23;34;46
23;34;47
23;34;49
23;34;50
23;35;35
23;35;42
23;35;44
23;35;46
23;35;47
23;35;49
23;35;50
23;36;35
23;36;42
23;36;44
23;36;46
23;36;47
23;36;49
23;36;50
24;7;35
24;7;42
24;7;47
24;7;49
24;7;50
24;8;35
24;8;42
24;8;47
24;8;49
24;8;50
24;9;35
24;9;42
24;9;47
24;9;49
24;9;50
24;10;35
24;10;42
24;10;47
24;10;49
24;10;50
24;11;35
24;11;42
24;11;47
24;11;49
24;11;50
24;12;35
24;12;42
24;12;47
24;12;49
24;12;50
25;7;47
25;7;49
25;7;50
25;7;58
25;8;47
25;8;49
25;8;50
25;8;58
25;9;47
25;9;49
25;9;50
25;9;58
25;10;47
25;10;49
25;10;50
25;10;58
25;11;47
25;11;49
25;11;50
25;11;58
25;12;47
25;12;49
25;12;50
25;12;58
25;13;1
25;13;2
25;13;3
25;13;4
25;13;5
25;13;6
25;14;1
25;14;2
25;14;3
25;14;4
25;14;5
25;14;6
25;15;1
25;15;2
25;15;3
25;15;4
25;15;5
25;15;6
25;16;1
25;16;2
25;16;3
25;16;4
25;16;5
25;16;6
25;17;1
25;17;2
25;17;3
25;17;4
25;17;5
25;17;6
25;18;1
25;18;2
25;18;3
25;18;4
25;18;5
25;18;6
25;19;1
25;19;2
25;19;3
25;19;4
25;19;5
25;19;6
25;20;1
25;20;2
25;20;3
25;20;4
25;20;5
25;20;6
25;21;1
25;21;2
25;21;3
25;21;4
25;21;5
25;21;6
25;22;1
25;22;2
25;22;3
25;22;4
25;22;5
25;22;6
25;23;1
25;23;2
25;23;3
25;23;4
25;23;5
25;23;6
25;24;1
25;24;2
25;24;3
25;24;4
25;24;5
25;24;6
25;25;1
25;25;2
25;25;3
25;25;4
25;25;5
25;25;6
25;26;1
25;26;2
25;26;3
25;26;4
25;26;5
25;26;6
25;27;1
25;27;2
25;27;3
25;27;4
25;27;5
25;27;6
25;28;47
25;28;49
25;28;50
25;28;58
25;29;47
25;29;49
25;29;50
25;29;58
25;30;47
25;30;49
25;30;50
25;30;58
25;31;47
25;31;49
25;31;50
25;31;58
25;32;47
25;32;49
25;32;50
25;32;58
25;33;47
25;33;49
25;33;50
25;33;58
26;1;12
26;1;15
26;1;18
26;2;12
26;2;15
26;2;18
26;3;12
26;3;15
26;3;18
26;4;12
26;4;15
26;4;18
26;5;12
26;5;15
26;5;18
26;6;12
26;6;15
26;6;18
26;7;12
26;7;15
26;7;18
26;8;12
26;8;15
26;8;18
26;9;12
26;9;15
26;9;18
26;10;12
26;10;15
26;10;18
26;11;12
26;11;15
26;11;18
26;12;12
26;12;15
26;12;18
26;13;18
26;13;19
26;13;20
26;13;21
26;14;18
26;14;19
26;14;20
26;14;21
26;15;18
26;15;19
26;15;20
26;15;21
26;16;18
26;16;19
26;16;20
26;16;21
26;17;18
26;17;19
26;17;20
26;17;21
26;18;18
26;18;19
26;18;20
26;18;21
26;19;18
26;19;19
26;19;20
26;19;21
26;20;18
26;20;19
26;20;20
26;20;21
26;21;18
26;21;19
26;21;20
26;21;21
26;22;18
26;22;19
26;22;20
26;22;21
26;23;18
26;23;19
26;23;20
26;23;21
26;24;18
26;24;19
26;24;20
26;24;21
26;25;12
26;25;15
26;25;18
26;26;12
26;26;15
26;26;18
26;27;12
26;27;15
26;27;18
26;28;12
26;28;15
26;28;18
26;29;12
26;29;15
26;29;18
26;30;12
26;30;15
26;30;18
26;31;12
26;31;15
26;31;18
26;32;12
26;32;15
26;32;18
26;33;12
26;33;15
26;33;18
26;34;12
26;34;15
26;34;18
26;35;12
26;35;15
26;35;18
26;36;12
26;36;15
26;36;18
27;1;7
27;1;8
27;1;9
27;1;11
27;1;13
27;1;14
27;2;7
27;2;8
27;2;9
27;2;11
27;2;13
27;2;14
27;3;7
27;3;8
27;3;9
27;3;11
27;3;13
27;3;14
27;4;7
27;4;8
27;4;9
27;4;11
27;4;13
27;4;14
27;5;7
27;5;8
27;5;9
27;5;11
27;5;13
27;5;14
27;6;7
27;6;8
27;6;9
27;6;11
27;6;13
27;6;14
27;7;7
27;7;8
27;7;9
27;7;11
27;7;13
27;7;14
27;8;7
27;8;8
27;8;9
27;8;11
27;8;13
27;8;14
27;9;7
27;9;8
27;9;9
27;9;11
27;9;13
27;9;14
27;10;7
27;10;8
27;10;9
27;10;11
27;10;13
27;10;14
27;11;7
27;11;8
27;11;9
27;11;11
27;11;13
27;11;14
27;12;7
27;12;8
27;12;9
27;12;11
27;12;13
27;12;14
27;13;13
27;13;15
27;13;16
27;13;17
27;13;19
27;14;13
27;14;15
27;14;16
27;14;17
27;14;19
27;15;13
27;15;15
27;15;16
27;15;17
27;15;19
27;16;13
27;16;15
27;16;16
27;16;17
27;16;19
27;17;13
27;17;15
27;17;16
27;17;17
27;17;19
27;18;13
27;18;15
27;18;16
27;18;17
27;18;19
27;19;13
27;19;15
27;19;16
27;19;17
27;19;19
27;20;13
27;20;15
27;20;16
27;20;17
27;20;19
27;21;13
27;21;15
27;21;16
27;21;17
27;21;19
27;22;13
27;22;15
27;22;16
27;22;17
27;22;19
27;23;13
27;23;15
27;23;16
27;23;17
27;23;19
27;24;13
27;24;15
27;24;16
27;24;17
27;24;19
27;25;13
27;25;15
27;25;16
27;25;17
27;25;19
27;26;13
27;26;15
27;26;16
27;26;17
27;26;19
27;27;13
27;27;15
27;27;16
27;27;17
27;27;19
27;28;7
27;28;8
27;28;9
27;28;11
27;28;13
27;28;14
27;29;7
27;29;8
27;29;9
27;29;11
27;29;13
27;29;14
27;30;7
27;30;8
27;30;9
27;30;11
27;30;13
27;30;14
27;31;7
27;31;8
27;31;9
27;31;11
27;31;13
27;31;14
27;32;7
27;32;8
27;32;9
27;32;11
27;32;13
27;32;14
27;33;7
27;33;8
27;33;9
27;33;11
27;33;13
27;33;14
27;34;7
27;34;8
27;34;9
27;34;11
27;34;13
27;34;14
27;35;7
27;35;8
27;35;9
27;35;11
27;35;13
27;35;14
27;36;7
27;36;8
27;36;9
27;36;11
27;36;13
27;36;14
28;1;7
28;1;8
28;1;9
28;1;11
28;1;13
28;1;14
28;2;7
28;2;8
28;2;9
28;2;11
28;2;13
28;2;14
28;3;7
28;3;8
28;3;9
28;3;11
28;3;13
28;3;14
28;4;7
28;4;8
28;4;9
28;4;11
28;4;13
28;4;14
28;5;7
28;5;8
28;5;9
28;5;11
28;5;13
28;5;14
28;6;7
28;6;8
28;6;9
28;6;11
28;6;13
28;6;14
28;7;7
28;7;8
28;7;9
28;7;11
28;7;13
28;7;14
28;8;7
28;8;8
28;8;9
28;8;11
28;8;13
28;8;14
28;9;7
28;9;8
28;9;9
28;9;11
28;9;13
28;9;14
28;10;7
28;10;8
28;10;9
28;10;11
28;10;13
28;10;14
28;11;7
28;11;8
28;11;9
28;11;11
28;11;13
28;11;14
28;12;7
28;12;8
28;12;9
28;12;11
28;12;13
28;12;14
28;13;13
28;13;15
28;13;16
28;13;17
28;13;19
28;14;13
28;14;15
28;14;16
28;14;17
28;14;19
28;15;13
28;15;15
28;15;16
28;15;17
28;15;19
28;16;13
28;16;15
28;16;16
28;16;17
28;16;19
28;17;13
28;17;15
28;17;16
28;17;17
28;17;19
28;18;13
28;18;15
28;18;16
28;18;17
28;18;19
28;19;13
28;19;15
28;19;16
28;19;17
28;19;19
28;20;13
28;20;15
28;20;16
28;20;17
28;20;19
28;21;13
28;21;15
28;21;16
28;21;17
28;21;19
28;22;13
28;22;15
28;22;16
28;22;17
28;22;19
28;23;13
28;23;15
28;23;16
28;23;17
28;23;19
28;24;13
28;24;15
28;24;16
28;24;17
28;24;19
28;25;13
28;25;15
28;25;16
28;25;17
28;25;19
28;26;13
28;26;15
28;26;16
28;26;17
28;26;19
28;27;13
28;27;15
28;27;16
28;27;17
28;27;19
28;28;7
28;28;8
28;28;9
28;28;11
28;28;13
28;28;14
28;29;7
28;29;8
28;29;9
28;29;11
28;29;13
28;29;14
28;30;7
28;30;8
28;30;9
28;30;11
28;30;13
28;30;14
28;31;7
28;31;8
28;31;9
28;31;11
28;31;13
28;31;14
28;32;7
28;32;8
28;32;9
28;32;11
28;32;13
28;32;14
28;33;7
28;33;8
28;33;9
28;33;11
28;33;13
28;33;14
28;34;7
28;34;8
28;34;9
28;34;11
28;34;13
28;34;14
28;35;7
28;35;8
28;35;9
28;35;11
28;35;13
28;35;14
28;36;7
28;36;8
28;36;9
28;36;11
28;36;13
28;36;14
29;1;7
29;1;8
29;1;9
29;1;11
29;1;13
29;1;14
29;2;7
29;2;8
29;2;9
29;2;11
29;2;13
29;2;14
29;3;7
29;3;8
29;3;9
29;3;11
29;3;13
29;3;14
29;4;7
29;4;8
29;4;9
29;4;11
29;4;13
29;4;14
29;5;7
29;5;8
29;5;9
29;5;11
29;5;13
29;5;14
29;6;7
29;6;8
29;6;9
29;6;11
29;6;13
29;6;14
29;7;7
29;7;8
29;7;9
29;7;11
29;7;13
29;7;14
29;8;7
29;8;8
29;8;9
29;8;11
29;8;13
29;8;14
29;9;7
29;9;8
29;9;9
29;9;11
29;9;13
29;9;14
29;10;7
29;10;8
29;10;9
29;10;11
29;10;13
29;10;14
29;11;7
29;11;8
29;11;9
29;11;11
29;11;13
29;11;14
29;12;7
29;12;8
29;12;9
29;12;11
29;12;13
29;12;14
29;13;13
29;13;15
29;13;16
29;13;17
29;13;19
29;14;13
29;14;15
29;14;16
29;14;17
29;14;19
29;15;13
29;15;15
29;15;16
29;15;17
29;15;19
29;16;13
29;16;15
29;16;16
29;16;17
29;16;19
29;17;13
29;17;15
29;17;16
29;17;17
29;17;19
29;18;13
29;18;15
29;18;16
29;18;17
29;18;19
29;19;13
29;19;15
29;19;16
29;19;17
29;19;19
29;20;13
29;20;15
29;20;16
29;20;17
29;20;19
29;21;13
29;21;15
29;21;16
29;21;17
29;21;19
29;22;13
29;22;15
29;22;16
29;22;17
29;22;19
29;23;13
29;23;15
29;23;16
29;23;17
29;23;19
29;24;13
29;24;15
29;24;16
29;24;17
29;24;19
29;25;13
29;25;15
29;25;16
29;25;17
29;25;19
29;26;13
29;26;15
29;26;16
29;26;17
29;26;19
29;27;13
29;27;15
29;27;16
29;27;17
29;27;19
29;28;7
29;28;8
29;28;9
29;28;11
29;28;13
29;28;14
29;29;7
29;29;8
29;29;9
29;29;11
29;29;13
29;29;14
29;30;7
29;30;8
29;30;9
29;30;11
29;30;13
29;30;14
29;31;7
29;31;8
29;31;9
29;31;11
29;31;13
29;31;14
29;32;7
29;32;8
29;32;9
29;32;11
29;32;13
29;32;14
29;33;7
29;33;8
29;33;9
29;33;11
29;33;13
29;33;14
29;34;7
29;34;8
29;34;9
29;34;11
29;34;13
29;34;14
29;35;7
29;35;8
29;35;9
29;35;11
29;35;13
29;35;14
29;36;7
29;36;8
29;36;9
29;36;11
29;36;13
29;36;14
30;1;7
30;1;8
30;1;9
30;1;11
30;1;13
30;1;14
30;2;7
30;2;8
30;2;9
30;2;11
30;2;13
30;2;14
30;3;7
30;3;8
30;3;9
30;3;11
30;3;13
30;3;14
30;4;7
30;4;8
30;4;9
30;4;11
30;4;13
30;4;14
30;5;7
30;5;8
30;5;9
30;5;11
30;5;13
30;5;14
30;6;7
30;6;8
30;6;9
30;6;11
30;6;13
30;6;14
30;7;7
30;7;8
30;7;9
30;7;11
30;7;13
30;7;14
30;8;7
30;8;8
30;8;9
30;8;11
30;8;13
30;8;14
30;9;7
30;9;8
30;9;9
30;9;11
30;9;13
30;9;14
30;10;7
30;10;8
30;10;9
30;10;11
30;10;13
30;10;14
30;11;7
30;11;8
30;11;9
30;11;11
30;11;13
30;11;14
30;12;7
30;12;8
30;12;9
30;12;11
30;12;13
30;12;14
30;13;13
30;13;15
30;13;16
30;13;17
30;13;19
30;14;13
30;14;15
30;14;16
30;14;17
30;14;19
30;15;13
30;15;15
30;15;16
30;15;17
30;15;19
30;16;13
30;16;15
30;16;16
30;16;17
30;16;19
30;17;13
30;17;15
30;17;16
30;17;17
30;17;19
30;18;13
30;18;15
30;18;16
30;18;17
30;18;19
30;19;13
30;19;15
30;19;16
30;19;17
30;19;19
30;20;13
30;20;15
30;20;16
30;20;17
30;20;19
30;21;13
30;21;15
30;21;16
30;21;17
30;21;19
30;22;13
30;22;15
30;22;16
30;22;17
30;22;19
30;23;13
30;23;15
30;23;16
30;23;17
30;23;19
30;24;13
30;24;15
30;24;16
30;24;17
30;24;19
30;25;13
30;25;15
30;25;16
30;25;17
30;25;19
30;26;13
30;26;15
30;26;16
30;26;17
30;26;19
30;27;13
30;27;15
30;27;16
30;27;17
30;27;19
30;28;7
30;28;8
30;28;9
30;28;11
30;28;13
30;28;14
30;29;7
30;29;8
30;29;9
30;29;11
30;29;13
30;29;14
30;30;7
30;30;8
30;30;9
30;30;11
30;30;13
30;30;14
30;31;7
30;31;8
30;31;9
30;31;11
30;31;13
30;31;14
30;32;7
30;32;8
30;32;9
30;32;11
30;32;13
30;32;14
30;33;7
30;33;8
30;33;9
30;33;11
30;33;13
30;33;14
30;34;7
30;34;8
30;34;9
30;34;11
30;34;13
30;34;14
30;35;7
30;35;8
30;35;9
30;35;11
30;35;13
30;35;14
30;36;7
30;36;8
30;36;9
30;36;11
30;36;13
30;36;14
31;1;29
31;1;31
31;1;32
31;1;35
31;1;42
31;1;44
31;1;46
31;2;29
31;2;31
31;2;32
31;2;35
31;2;42
31;2;44
31;2;46
31;3;29
31;3;31
31;3;32
31;3;35
31;3;42
31;3;44
31;3;46
31;4;29
31;4;31
31;4;32
31;4;35
31;4;42
31;4;44
31;4;46
31;5;29
31;5;31
31;5;32
31;5;35
31;5;42
31;5;44
31;5;46
31;6;29
31;6;31
31;6;32
31;6;35
31;6;42
31;6;44
31;6;46
31;7;29
31;7;31
31;7;32
31;7;35
31;7;42
31;7;44
31;7;46
31;8;29
31;8;31
31;8;32
31;8;35
31;8;42
31;8;44
31;8;46
31;9;29
31;9;31
31;9;32
31;9;35
31;9;42
31;9;44
31;9;46
31;10;29
31;10;31
31;10;32
31;10;35
31;10;42
31;10;44
31;10;46
31;11;29
31;11;31
31;11;32
31;11;35
31;11;42
31;11;44
31;11;46
31;12;29
31;12;31
31;12;32
31;12;35
31;12;42
31;12;44
31;12;46
31;13;29
31;13;31
31;13;32
31;13;35
31;13;42
31;13;44
31;13;46
31;14;29
31;14;31
31;14;32
31;14;35
31;14;42
31;14;44
31;14;46
31;15;29
31;15;31
31;15;32
31;15;35
31;15;42
31;15;44
31;15;46
31;16;29
31;16;31
31;16;32
31;16;42
31;16;44
31;16;46
31;17;29
31;17;31
31;17;32
31;17;42
31;17;44
31;17;46
31;18;29
31;18;31
31;18;32
31;18;42
31;18;44
31;18;46
31;19;29
31;19;31
31;19;32
31;19;42
31;19;44
31;19;46
31;20;29
31;20;31
31;20;32
31;20;42
31;20;44
31;20;46
31;21;29
31;21;31
31;21;32
31;21;42
31;21;44
31;21;46
31;22;29
31;22;31
31;22;32
31;22;42
31;22;44
31;22;46
31;23;29
31;23;31
31;23;32
31;23;42
31;23;44
31;23;46
31;24;29
31;24;31
31;24;32
31;24;42
31;24;44
31;24;46
31;25;29
31;25;31
31;25;32
31;25;42
31;25;44
31;25;46
31;26;29
31;26;31
31;26;32
31;26;42
31;26;44
31;26;46
31;27;29
31;27;31
31;27;32
31;27;42
31;27;44
31;27;46
31;28;29
31;28;31
31;28;32
31;28;35
31;28;42
31;28;44
31;28;46
31;29;29
31;29;31
31;29;32
31;29;35
31;29;42
31;29;44
31;29;46
31;30;29
31;30;31
31;30;32
31;30;35
31;30;42
31;30;44
31;30;46
31;31;29
31;31;31
31;31;32
31;31;35
31;31;42
31;31;44
31;31;46
31;32;29
31;32;31
31;32;32
31;32;35
31;32;42
31;32;44
31;32;46
31;33;29
31;33;31
31;33;32
31;33;35
31;33;42
31;33;44
31;33;46
31;34;29
31;34;31
31;34;32
31;34;35
31;34;42
31;34;44
31;34;46
31;35;29
31;35;31
31;35;32
31;35;35
31;35;42
31;35;44
31;35;46
31;36;29
31;36;31
31;36;32
31;36;35
31;36;42
31;36;44
31;36;46
32;1;47
32;1;49
32;1;50
32;2;47
32;2;49
32;2;50
32;3;47
32;3;49
32;3;50
32;4;47
32;4;49
32;4;50
32;5;47
32;5;49
32;5;50
32;6;47
32;6;49
32;6;50
32;7;47
32;7;49
32;7;50
32;8;47
32;8;49
32;8;50
32;9;47
32;9;49
32;9;50
32;10;1
32;10;2
32;10;3
32;10;4
32;10;5
32;10;6
32;11;1
32;11;2
32;11;3
32;11;4
32;11;5
32;11;6
32;12;1
32;12;2
32;12;3
32;12;4
32;12;5
32;12;6
32;13;1
32;13;2
32;13;3
32;13;4
32;13;5
32;13;6
32;14;1
32;14;2
32;14;3
32;14;4
32;14;5
32;14;6
32;15;1
32;15;2
32;15;3
32;15;4
32;15;5
32;15;6
32;16;1
32;16;2
32;16;3
32;16;4
32;16;5
32;16;6
32;17;1
32;17;2
32;17;3
32;17;4
32;17;5
32;17;6
32;18;1
32;18;2
32;18;3
32;18;4
32;18;5
32;18;6
32;19;1
32;19;2
32;19;3
32;19;4
32;19;5
32;19;6
32;20;1
32;20;2
32;20;3
32;20;4
32;20;5
32;20;6
32;21;1
32;21;2
32;21;3
32;21;4
32;21;5
32;21;6
32;22;1
32;22;2
32;22;3
32;22;4
32;22;5
32;22;6
32;23;1
32;23;2
32;23;3
32;23;4
32;23;5
32;23;6
32;24;1
32;24;2
32;24;3
32;24;4
32;24;5
32;24;6
32;25;1
32;25;2
32;25;3
32;25;4
32;25;5
32;25;6
32;26;1
32;26;2
32;26;3
32;26;4
32;26;5
32;26;6
32;27;1
32;27;2
32;27;3
32;27;4
32;27;5
32;27;6
32;28;47
32;28;49
32;28;50
32;29;47
32;29;49
32;29;50
32;30;47
32;30;49
32;30;50
32;31;47
32;31;49
32;31;50
32;32;47
32;32;49
32;32;50
32;33;47
32;33;49
32;33;50
32;34;47
32;34;49
32;34;50
32;35;47
32;35;49
32;35;50
32;36;47
32;36;49
32;36;50
33;1;47
33;1;49
33;1;50
33;2;47
33;2;49
33;2;50
33;3;47
33;3;49
33;3;50
33;4;47
33;4;49
33;4;50
33;5;47
33;5;49
33;5;50
33;6;47
33;6;49
33;6;50
33;7;47
33;7;49
33;7;50
33;8;47
33;8;49
33;8;50
33;9;47
33;9;49
33;9;50
33;10;1
33;10;2
33;10;3
33;10;4
33;10;5
33;10;6
33;11;1
33;11;2
33;11;3
33;11;4
33;11;5
33;11;6
33;12;1
33;12;2
33;12;3
33;12;4
33;12;5
33;12;6
33;13;1
33;13;2
33;13;3
33;13;4
33;13;5
33;13;6
33;14;1
33;14;2
33;14;3
33;14;4
33;14;5
33;14;6
33;15;1
33;15;2
33;15;3
33;15;4
33;15;5
33;15;6
33;16;1
33;16;2
33;16;3
33;16;4
33;16;5
33;16;6
33;17;1
33;17;2
33;17;3
33;17;4
33;17;5
33;17;6
33;18;1
33;18;2
33;18;3
33;18;4
33;18;5
33;18;6
33;19;1
33;19;2
33;19;3
33;19;4
33;19;5
33;19;6
33;20;1
33;20;2
33;20;3
33;20;4
33;20;5
33;20;6
33;21;1
33;21;2
33;21;3
33;21;4
33;21;5
33;21;6
33;22;1
33;22;2
33;22;3
33;22;4
33;22;5
33;22;6
33;23;1
33;23;2
33;23;3
33;23;4
33;23;5
33;23;6
33;24;1
33;24;2
33;24;3
33;24;4
33;24;5
33;24;6
33;25;1
33;25;2
33;25;3
33;25;4
33;25;5
33;25;6
33;26;1
33;26;2
33;26;3
33;26;4
33;26;5
33;26;6
33;27;1
33;27;2
33;27;3
33;27;4
33;27;5
33;27;6
33;28;47
33;28;49
33;28;50
33;29;47
33;29;49
33;29;50
33;30;47
33;30;49
33;30;50
33;31;47
33;31;49
33;31;50
33;32;47
33;32;49
33;32;50
33;33;47
33;33;49
33;33;50
33;34;47
33;34;49
33;34;50
33;35;47
33;35;49
33;35;50
33;36;47
33;36;49
33;36;50
34;1;47
34;1;49
34;1;50
34;2;47
34;2;49
34;2;50
34;3;47
34;3;49
34;3;50
34;4;47
34;4;49
34;4;50
34;5;47
34;5;49
34;5;50
34;6;47
34;6;49
34;6;50
34;7;47
34;7;49
34;7;50
34;8;47
34;8;49
34;8;50
34;9;47
34;9;49
34;9;50
34;10;1
34;10;2
34;10;3
34;10;4
34;10;5
34;10;6
34;11;1
34;11;2
34;11;3
34;11;4
34;11;5
34;11;6
34;12;1
34;12;2
34;12;3
34;12;4
34;12;5
34;12;6
34;13;1
34;13;2
34;13;3
34;13;4
34;13;5
34;13;6
34;14;1
34;14;2
34;14;3
34;14;4
34;14;5
34;14;6
34;15;1
34;15;2
34;15;3
34;15;4
34;15;5
34;15;6
34;16;1
34;16;2
34;16;3
34;16;4
34;16;5
34;16;6
34;17;1
34;17;2
34;17;3
34;17;4
34;17;5
34;17;6
34;18;1
34;18;2
34;18;3
34;18;4
34;18;5
34;18;6
34;19;1
34;19;2
34;19;3
34;19;4
34;19;5
34;19;6
34;20;1
34;20;2
34;20;3
34;20;4
34;20;5
34;20;6
34;21;1
34;21;2
34;21;3
34;21;4
34;21;5
34;21;6
34;22;1
34;22;2
34;22;3
34;22;4
34;22;5
34;22;6
34;23;1
34;23;2
34;23;3
34;23;4
34;23;5
34;23;6
34;24;1
34;24;2
34;24;3
34;24;4
34;24;5
34;24;6
34;25;1
34;25;2
34;25;3
34;25;4
34;25;5
34;25;6
34;26;1
34;26;2
34;26;3
34;26;4
34;26;5
34;26;6
34;27;1
34;27;2
34;27;3
34;27;4
34;27;5
34;27;6
34;28;47
34;28;49
34;28;50
34;29;47
34;29;49
34;29;50
34;30;47
34;30;49
34;30;50
34;31;47
34;31;49
34;31;50
34;32;47
34;32;49
34;32;50
34;33;47
34;33;49
34;33;50
34;34;47
34;34;49
34;34;50
34;35;47
34;35;49
34;35;50
34;36;47
34;36;49
34;36;50
35;1;47
35;1;49
35;1;50
35;2;47
35;2;49
35;2;50
35;3;47
35;3;49
35;3;50
35;4;47
35;4;49
35;4;50
35;5;47
35;5;49
35;5;50
35;6;47
35;6;49
35;6;50
35;7;47
35;7;49
35;7;50
35;8;47
35;8;49
35;8;50
35;9;47
35;9;49
35;9;50
35;10;1
35;10;2
35;10;3
35;10;4
35;10;5
35;10;6
35;11;1
35;11;2
35;11;3
35;11;4
35;11;5
35;11;6
35;12;1
35;12;2
35;12;3
35;12;4
35;12;5
35;12;6
35;13;1
35;13;2
35;13;3
35;13;4
35;13;5
35;13;6
35;14;1
35;14;2
35;14;3
35;14;4
35;14;5
35;14;6
35;15;1
35;15;2
35;15;3
35;15;4
35;15;5
35;15;6
35;16;1
35;16;2
35;16;3
35;16;4
35;16;5
35;16;6
35;17;1
35;17;2
35;17;3
35;17;4
35;17;5
35;17;6
35;18;1
35;18;2
35;18;3
35;18;4
35;18;5
35;18;6
35;19;1
35;19;2
35;19;3
35;19;4
35;19;5
35;19;6
35;20;1
35;20;2
35;20;3
35;20;4
35;20;5
35;20;6
35;21;1
35;21;2
35;21;3
35;21;4
35;21;5
35;21;6
35;22;1
35;22;2
35;22;3
35;22;4
35;22;5
35;22;6
35;23;1
35;23;2
35;23;3
35;23;4
35;23;5
35;23;6
35;24;1
35;24;2
35;24;3
35;24;4
35;24;5
35;24;6
35;25;1
35;25;2
35;25;3
35;25;4
35;25;5
35;25;6
35;26;1
35;26;2
35;26;3
35;26;4
35;26;5
35;26;6
35;27;1
35;27;2
35;27;3
35;27;4
35;27;5
35;27;6
35;28;47
35;28;49
35;28;50
35;29;47
35;29;49
35;29;50
35;30;47
35;30;49
35;30;50
35;31;47
35;31;49
35;31;50
35;32;47
35;32;49
35;32;50
35;33;47
35;33;49
35;33;50
35;34;47
35;34;49
35;34;50
35;35;47
35;35;49
35;35;50
35;36;47
35;36;49
35;36;50
240;28;31
240;28;32
240;28;35
240;28;42
240;28;47
240;28;49
240;29;31
240;29;32
240;29;35
240;29;42
240;29;47
240;29;49
240;30;31
240;30;32
240;30;35
240;30;42
240;30;47
240;30;49
240;31;31
240;31;32
240;31;35
240;31;42
240;31;47
240;31;49
240;32;31
240;32;32
240;32;35
240;32;42
240;32;47
240;32;49
240;33;31
240;33;32
240;33;35
240;33;42
240;33;47
240;33;49
