IDMancha;has;cob;pend;UP;inc;prmen35
9;16.46;70.00;52.96;32;1;0.11
13;13.33;85.00;81.08;15;1;0.33
15;68.92;100.00;33.47;27;1;0.56
21;54.36;95.00;47.83;14;1;0.23
22;107.91;100.00;65.91;26;1;0.11
26;13.91;100.00;42.75;14;1;0.07
27;8.24;100.00;63.61;14;1;0.05
28;15.31;95.00;62.62;15;1;0.33
29;149.62;100.00;35.53;12;1;0.53
31;29.76;90.00;34.41;68;1;0.49
32;5.56;100.00;52.50;32;1;0.19
50;19.90;100.00;26.16;25;1;0.91
51;18.12;90.00;53.14;23;1;0.48
58;99.44;100.00;43.88;26;1;0.42
61;63.46;100.00;44.34;35;1;0.50
63;9.71;100.00;60.86;35;1;0.10
65;53.49;95.00;78.41;28;1;0.37
74;45.94;100.00;33.36;25;1;0.59
77;92.24;100.00;40.47;24;1;0.41
78;21.81;100.00;28.11;25;1;0.57
79;32.60;100.00;36.07;25;1;0.38
80;116.48;100.00;35.00;35;1;0.45
81;19.38;95.00;38.14;32;1;0.18
84;5.55;95.00;63.46;35;1;0.04
89;6.39;80.00;66.21;67;1;0.05
91;40.24;95.00;54.90;31;1;0.67
92;13.47;100.00;63.16;29;1;0.01
93;27.32;100.00;35.90;30;1;0.48
94;51.82;95.00;76.36;28;1;0.02
96;17.21;100.00;39.51;31;1;0.14
97;212.78;100.00;58.92;29;1;0.07
101;11.70;80.00;64.52;36;1;0.22
115;16.87;100.00;25.20;32;1;0.52
118;21.19;70.00;62.25;31;1;0.31
120;36.28;60.00;42.46;20;1;0.21
121;51.81;100.00;31.51;19;1;0.74
122;8.21;85.00;24.92;17;1;0.96
123;23.66;90.00;33.04;17;1;0.35
130;12.83;100.00;30.38;21;1;0.26
138;35.72;100.00;39.02;8;1;0.05
143;58.31;95.00;51.60;6;1;0.07
145;14.49;95.00;43.67;21;1;0.18
149;120.30;100.00;50.82;13;1;0.19
151;15.41;90.00;68.90;13;1;0.20
152;82.67;100.00;42.38;9;1;0.43
154;13.46;95.00;58.52;13;1;0.15
157;3.08;100.00;18.19;6;1;0.00
162;2.39;100.00;22.30;16;1;0.44
163;15.25;100.00;22.29;16;1;0.36
164;24.74;100.00;58.26;13;1;0.13
166;36.06;100.00;50.12;13;1;0.20
167;38.24;95.00;51.04;15;1;0.16
168;12.45;85.00;65.90;18;1;0.45
172;14.10;100.00;53.12;21;1;0.15
174;31.29;100.00;53.09;21;1;0.07
176;45.40;100.00;44.19;21;1;0.29
179;40.31;95.00;46.28;23;1;0.24
181;22.90;95.00;50.77;21;1;0.17
186;63.00;100.00;24.48;11;1;0.62
187;27.65;100.00;30.39;11;1;0.40
188;26.89;95.00;49.68;11;1;0.34
189;17.63;95.00;26.10;23;1;0.78
190;8.24;100.00;47.83;23;1;0.54
191;83.21;100.00;50.20;24;1;0.20
193;21.43;100.00;34.41;23;1;0.61
195;66.68;75.00;51.28;22;1;0.20
199;65.17;100.00;51.93;22;1;2.87690360528467e-03
201;6.18;95.00;33.21;18;1;0.04
204;4.32;100.00;36.46;31;1;0.00
209;20.73;100.00;66.71;51;1;0.10
222;26.51;95.00;53.20;49;1;0.25
225;3.47;100.00;41.98;47;1;0.64
226;2.77;100.00;29.09;49;1;0.00
229;5.20;100.00;34.33;44;1;0.66
234;9.31;100.00;53.79;66;1;0.16
235;10.63;60.00;44.61;44;1;0.01
236;9.38;100.00;40.98;46;1;0.13
237;8.43;100.00;62.36;44;1;0.35
238;4.09;100.00;31.00;44;1;0.24
239;12.16;95.00;56.52;44;1;0.45
242;11.02;100.00;61.42;44;1;0.06
243;5.61;100.00;50.64;67;1;0.07
245;17.37;100.00;44.15;42;1;0.31
246;57.13;90.00;55.50;44;1;0.11
247;4.74;95.00;30.56;46;1;0.13
248;17.15;100.00;46.77;46;1;0.21
249;7.35;100.00;43.05;46;1;0.46
252;18.18;90.00;57.24;47;1;0.13
254;21.67;100.00;53.13;47;1;0.08
255;11.76;100.00;35.51;49;1;0.33
259;3.41;95.00;23.76;47;1;0.00
260;24.04;100.00;55.64;47;1;0.12
262;8.91;80.00;68.43;42;1;0.26
276;51.54;100.00;52.88;42;1;0.12
277;20.76;95.00;47.63;47;1;0.30
278;12.96;100.00;50.67;42;1;0.05
283;35.92;100.00;60.39;50;1;0.13
285;6.09;100.00;23.70;62;1;0.56
286;14.74;100.00;48.59;3;1;0.01
287;5.95;100.00;14.86;57;1;0.45
290;14.50;100.00;42.00;2;1;0.07
291;25.02;100.00;34.06;7;1;0.22
292;96.05;100.00;58.17;5;1;0.19
294;4.19;100.00;20.80;5;1;0.05
296;10.36;100.00;65.60;1;1;0.00
300;17.32;90.00;70.62;3;1;0.03
301;2.22;100.00;31.74;1;1;0.00
304;45.89;100.00;45.86;54;1;0.43
305;7.87;100.00;60.29;4;1;0.55
306;10.63;100.00;57.57;6;1;0.31
307;13.62;100.00;52.95;5;1;0.27
308;2.53;100.00;39.07;5;1;0.14
311;19.47;100.00;67.13;6;1;0.29
312;27.34;100.00;65.59;6;1;0.01
314;12.64;100.00;23.00;1;1;0.48
317;75.63;95.00;33.39;53;1;0.49
322;9.08;95.00;62.45;4;1;0.17
326;9.27;100.00;52.71;6;1;6.73502586502973e-03
327;40.35;95.00;49.50;5;1;0.17
329;21.50;95.00;40.86;3;1;0.10
330;50.30;100.00;36.51;1;1;0.23
332;8.61;100.00;42.21;3;1;0.00
336;72.84;95.00;64.73;4;1;0.05
344;3.55;100.00;19.24;55;1;0.98
346;23.45;95.00;58.39;15;1;0.05
347;10.07;95.00;32.11;16;1;0.33
348;24.37;100.00;40.77;16;1;0.25
349;9.95;95.00;36.17;16;1;0.72
353;3.52;100.00;21.51;31;1;0.60
354;1.92;100.00;24.54;16;1;1.00
355;8.13;100.00;50.56;4;1;0.22
356;3.53;100.00;32.69;4;1;0.07
357;12.35;100.00;32.31;47;1;0.38
358;20.50;95.00;44.74;47;1;0.03
359;21.84;100.00;41.96;25;1;0.54
361;10.90;100.00;32.19;24;1;0.74
363;7.61;100.00;53.52;27;1;0.13
364;10.81;100.00;30.37;13;1;0.15
365;4.03;100.00;41.24;56;1;0.00
368;32.59;100.00;49.13;23;1;0.29
369;13.77;95.00;22.47;17;1;0.16
370;9.06;100.00;22.99;17;1;0.98
371;23.67;100.00;54.13;18;1;0.28
372;24.58;95.00;23.94;20;1;0.66
373;26.95;100.00;59.75;14;1;0.23
376;18.92;100.00;52.97;15;1;0.31
377;9.89;100.00;57.77;1;1;0.12
378;8.98;95.00;63.07;14;1;0.30
379;7.40;70.00;17.11;11;1;0.87
380;43.08;100.00;46.01;25;1;0.27
381;1.22;100.00;20.02;1;1;0.20
382;9.99;100.00;40.27;1;1;0.25
383;15.46;95.00;56.29;1;1;0.11
384;4.74;100.00;35.88;1;1;0.02
385;15.27;90.00;65.42;3;1;0.13
386;4.64;95.00;62.82;3;1;0.02
387;12.60;100.00;71.20;1;1;0.20
388;10.53;100.00;61.52;50;1;0.00
389;24.48;100.00;62.26;50;1;0.02
390;25.32;95.00;54.48;47;1;0.19
391;9.90;100.00;44.27;46;1;0.44
392;3.06;100.00;23.90;31;1;0.00
393;1.25;100.00;51.40;29;1;0.00
394;5.50;95.00;44.91;29;1;0.02
395;1.25;95.00;35.40;29;1;0.94
396;5.53;95.00;51.69;29;1;0.00
397;1.61;100.00;53.12;29;1;0.00
398;1.17;95.00;38.69;29;1;0.00
399;1.84;95.00;26.18;3;1;0.20
400;5.66;95.00;47.09;3;1;0.00
401;3.39;100.00;23.90;5;1;0.47
402;13.06;95.00;60.15;3;1;0.08
403;16.85;95.00;59.90;5;1;0.20
404;2.11;100.00;29.96;26;1;0.26
405;1.42;100.00;15.58;50;1;0.78
406;2.60;90.00;27.71;47;1;0.04
407;7.66;95.00;42.72;21;1;0.23
408;3.24;100.00;45.45;23;1;0.07
409;2.48;100.00;26.50;24;1;0.65
410;15.08;100.00;57.70;6;1;0.14
411;1.12;100.00;33.54;52;1;0.39
412;6.46;100.00;14.25;58;1;0.36
413;3.93;100.00;8.04;60;1;0.61
414;3.48;100.00;24.19;61;1;0.08
415;1.58;100.00;22.82;59;1;0.70
416;1.47;100.00;43.56;63;1;0.08
417;2.39;100.00;41.49;64;1;0.05
418;2.39;100.00;38.53;5;1;0.13
419;0.83;100.00;48.79;5;1;0.75
420;19.28;100.00;40.26;6;1;0.15
421;2.32;100.00;16.47;65;1;0.37
422;4.37;100.00;29.33;5;1;0.18
423;4.59;100.00;38.54;67;1;0.23
424;1.22;100.00;8.18;69;1;0.25
425;1.78;100.00;43.10;67;1;0.45
426;5.04;95.00;56.19;67;1;0.13
427;108.18;100.00;34.84;35;1;0.69
428;13.06;100.00;37.18;35;1;0.71
429;6.35;100.00;67.54;45;1;0.19
430;3.24;100.00;44.27;10;1;0.65
431;3.55;100.00;38.08;43;1;0.38
432;3.39;100.00;29.40;41;1;0.00
433;2.01;100.00;35.61;39;1;0.00
434;1.74;100.00;28.71;42;1;0.00
435;4.62;100.00;35.59;40;1;0.01
436;1.53;100.00;36.10;42;1;0.65
437;3.24;100.00;41.30;38;1;0.01
438;2.00;100.00;35.20;42;1;0.12
439;1.86;100.00;53.71;42;1;0.00
440;1.07;100.00;23.48;48;1;0.00
441;1.23;100.00;46.73;3;1;0.00
442;0.88;100.00;56.40;3;1;0.28
443;1.04;100.00;42.81;1;1;0.00
444;40.80;100.00;48.61;18;1;0.25
445;69.75;80.00;103.80;28;1;0.22
446;79.79;100.00;55.95;13;1;0.29
447;0.92;100.00;38.26;67;1;0.26
448;2.23;100.00;32.77;13;1;0.22
449;2.28;80.00;84.07;13;1;0.43
450;1.06;100.00;34.39;34;1;0.00
451;0.19;100.00;34.90;33;1;0.94
452;19.22;100.00;36.63;31;1;0.16
453;5.96;95.00;25.30;31;1;0.00
454;88.30;100.00;53.70;1;1;0.21
455;85.81;100.00;57.66;3;1;0.11
456;1.20;100.00;27.50;3;1;0.00
457;18.32;100.00;63.83;3;1;0.33
458;1.95;100.00;51.86;6;1;0.00
459;10.61;100.00;69.93;6;1;0.08
460;13.26;95.00;53.63;6;1;0.03
461;11.72;95.00;64.48;14;1;0.14
462;8.01;100.00;54.23;67;1;0.24
463;15.34;100.00;49.77;18;1;0.47
464;16.03;100.00;47.91;15;1;0.15
465;29.40;100.00;50.40;21;1;0.19
466;21.22;100.00;57.99;19;1;0.05
467;39.27;100.00;58.16;23;1;0.21
468;42.24;95.00;81.00;14;1;0.10
469;7.28;100.00;60.95;37;1;0.48
470;9.29;100.00;60.18;70;1;0.01
471;9.78;100.00;45.74;49;1;0.35
472;8.89;100.00;61.92;53;1;0.24
473;2.55;90.00;24.14;44;1;0.12

