IDMancha;com;cobv
9;3;5.00
9;9;40.00
9;16;55.00
13;3;5.00
13;5;5.00
13;9;20.00
13;10;60.00
13;16;10.00
15;5;5.00
15;6;5.00
15;37;85.00
15;39;5.00
21;3;35.00
21;6;5.00
21;9;20.00
21;10;10.00
21;16;30.00
21;21;10.00
22;30;100.00
26;21;80.00
26;23;10.00
26;25;5.00
26;28;5.00
27;1;10.00
27;9;40.00
27;17;15.00
27;23;5.00
27;28;30.00
28;1;5.00
28;3;15.00
28;9;20.00
28;21;25.00
28;23;5.00
28;28;30.00
29;1;5.00
29;5;10.00
29;7;20.00
29;9;5.00
29;21;5.00
29;28;5.00
29;37;50.00
31;7;90.00
31;39;10.00
32;5;65.00
32;6;10.00
32;13;20.00
32;39;5.00
50;1;15.00
50;4;5.00
50;7;10.00
50;9;10.00
50;15;5.00
50;18;45.00
50;28;10.00
51;1;20.00
51;8;30.00
51;9;10.00
51;21;10.00
51;28;30.00
58;1;10.00
58;8;5.00
58;9;35.00
58;21;15.00
58;28;30.00
58;29;5.00
61;3;30.00
61;5;5.00
61;6;5.00
61;7;30.00
61;9;10.00
61;16;10.00
61;37;10.00
63;23;100.00
65;3;5.00
65;8;20.00
65;21;20.00
65;28;50.00
65;32;5.00
74;4;10.00
74;9;25.00
74;15;20.00
74;17;15.00
74;18;10.00
74;28;10.00
74;29;10.00
77;1;10.00
77;4;5.00
77;9;25.00
77;14;10.00
77;18;10.00
77;28;30.00
77;29;10.00
78;4;5.00
78;9;10.00
78;14;10.00
78;15;20.00
78;18;30.00
78;21;10.00
78;28;10.00
78;29;5.00
79;6;5.00
79;7;30.00
79;9;5.00
79;13;5.00
79;21;45.00
79;28;10.00
80;3;25.00
80;7;20.00
80;9;10.00
80;16;10.00
80;20;5.00
80;21;10.00
80;40;20.00
81;3;20.00
81;9;20.00
81;16;20.00
81;21;15.00
81;28;25.00
84;3;10.00
84;9;30.00
84;16;40.00
84;23;20.00
89;3;15.00
89;6;5.00
89;10;35.00
89;16;40.00
89;39;5.00
91;3;10.00
91;7;5.00
91;9;30.00
91;10;5.00
91;16;30.00
91;21;10.00
91;25;10.00
91;28;5.00
92;21;85.00
92;28;15.00
93;5;5.00
93;25;5.00
93;37;90.00
94;3;10.00
94;8;5.00
94;21;70.00
94;23;5.00
94;28;10.00
96;5;25.00
96;6;20.00
96;7;5.00
96;9;10.00
96;13;10.00
96;15;5.00
96;21;15.00
96;25;5.00
96;27;5.00
97;1;20.00
97;8;5.00
97;9;35.00
97;17;10.00
97;28;30.00
101;3;15.00
101;9;10.00
101;10;5.00
101;11;60.00
101;12;10.00
115;6;5.00
115;7;60.00
115;13;5.00
115;21;10.00
115;25;10.00
115;27;10.00
118;3;5.00
118;6;5.00
118;9;30.00
118;16;60.00
120;3;5.00
120;9;30.00
120;10;10.00
120;13;5.00
120;16;50.00
121;7;90.00
121;27;10.00
122;6;5.00
122;9;5.00
122;16;90.00
123;9;30.00
123;16;70.00
130;9;10.00
130;16;10.00
130;18;80.00
138;5;5.00
138;6;5.00
138;7;20.00
138;21;10.00
138;37;40.00
143;1;30.00
143;9;40.00
143;28;30.00
145;1;50.00
145;4;20.00
145;9;10.00
145;18;10.00
145;28;10.00
149;23;15.00
149;24;15.00
149;30;70.00
151;3;30.00
151;9;20.00
151;10;20.00
151;16;10.00
151;23;5.00
151;24;5.00
151;28;10.00
152;3;20.00
152;5;10.00
152;6;10.00
152;9;10.00
152;16;10.00
152;37;40.00
154;3;20.00
154;9;10.00
154;10;5.00
154;13;5.00
154;17;30.00
154;21;10.00
154;23;5.00
154;28;15.00
157;1;30.00
157;4;5.00
157;9;25.00
157;14;20.00
157;28;20.00
162;7;70.00
162;9;10.00
162;27;10.00
162;28;10.00
163;6;5.00
163;9;5.00
163;14;80.00
163;27;5.00
163;28;5.00
164;1;5.00
164;3;5.00
164;9;15.00
164;13;5.00
164;17;5.00
164;21;10.00
164;23;35.00
164;28;20.00
166;1;20.00
166;9;20.00
166;28;60.00
167;3;20.00
167;6;5.00
167;7;40.00
167;9;5.00
167;10;5.00
167;16;20.00
167;25;5.00
168;3;10.00
168;9;25.00
168;10;10.00
168;13;5.00
168;16;50.00
172;9;5.00
172;14;10.00
172;25;5.00
172;28;80.00
174;8;20.00
174;9;25.00
174;18;20.00
174;21;10.00
174;28;10.00
174;29;5.00
174;32;10.00
176;2;5.00
176;8;60.00
176;9;10.00
176;18;10.00
176;32;15.00
179;4;15.00
179;8;15.00
179;9;20.00
179;13;5.00
179;14;5.00
179;18;15.00
179;21;5.00
179;28;10.00
179;29;5.00
179;32;5.00
181;9;30.00
181;10;20.00
181;16;45.00
181;28;5.00
186;40;100.00
187;40;100.00
188;3;80.00
188;9;5.00
188;10;10.00
188;16;5.00
189;4;10.00
189;7;15.00
189;9;10.00
189;18;50.00
189;28;10.00
189;38;5.00
190;2;5.00
190;8;60.00
190;13;5.00
190;21;25.00
190;30;5.00
191;24;10.00
191;30;90.00
193;4;10.00
193;7;20.00
193;8;10.00
193;9;30.00
193;18;10.00
193;28;10.00
193;29;5.00
193;32;5.00
195;2;5.00
195;4;55.00
195;8;5.00
195;17;10.00
195;18;10.00
195;29;10.00
195;31;5.00
199;8;20.00
199;29;10.00
199;30;70.00
201;5;5.00
201;6;5.00
201;9;5.00
201;13;5.00
201;16;80.00
204;7;80.00
204;27;20.00
209;19;100.00
222;1;20.00
222;9;25.00
222;20;10.00
222;21;30.00
222;28;15.00
225;8;20.00
225;9;10.00
225;14;30.00
225;21;5.00
225;24;35.00
226;7;20.00
226;21;75.00
226;25;5.00
229;5;35.00
229;6;30.00
229;13;30.00
229;21;5.00
234;19;100.00
235;4;5.00
235;8;45.00
235;21;20.00
235;23;10.00
235;24;5.00
235;28;5.00
235;30;10.00
236;2;20.00
236;6;30.00
236;13;30.00
236;30;20.00
237;6;5.00
237;13;5.00
237;23;30.00
237;30;60.00
238;7;85.00
238;13;5.00
238;21;5.00
238;30;5.00
239;1;15.00
239;9;20.00
239;20;5.00
239;23;20.00
239;28;40.00
242;3;5.00
242;9;10.00
242;20;5.00
242;21;10.00
242;23;60.00
242;28;10.00
243;21;40.00
243;23;40.00
243;28;20.00
245;1;5.00
245;9;15.00
245;21;10.00
245;23;40.00
245;28;30.00
246;1;10.00
246;9;45.00
246;17;5.00
246;20;10.00
246;28;30.00
247;9;5.00
247;14;70.00
247;21;25.00
248;1;10.00
248;9;25.00
248;13;5.00
248;17;5.00
248;20;5.00
248;21;20.00
248;28;30.00
249;1;15.00
249;9;15.00
249;14;20.00
249;21;10.00
249;28;40.00
252;1;10.00
252;4;5.00
252;9;40.00
252;17;5.00
252;28;30.00
254;1;5.00
254;3;5.00
254;4;5.00
254;9;15.00
254;17;5.00
254;20;5.00
254;21;25.00
254;23;30.00
254;28;5.00
255;1;15.00
255;9;20.00
255;17;15.00
255;20;10.00
255;21;20.00
255;28;20.00
259;5;5.00
259;9;10.00
259;14;75.00
259;21;5.00
259;23;5.00
260;9;10.00
260;21;80.00
260;23;5.00
260;28;5.00
262;3;10.00
262;9;30.00
262;10;5.00
262;13;5.00
262;16;25.00
262;20;5.00
262;23;5.00
262;28;15.00
276;1;5.00
276;4;5.00
276;9;25.00
276;17;5.00
276;20;5.00
276;21;10.00
276;23;40.00
276;28;5.00
277;1;5.00
277;9;20.00
277;17;5.00
277;20;5.00
277;21;50.00
277;28;15.00
278;1;5.00
278;4;5.00
278;9;15.00
278;17;5.00
278;20;5.00
278;21;25.00
278;23;40.00
283;1;20.00
283;4;5.00
283;9;20.00
283;20;40.00
283;28;15.00
285;5;10.00
285;6;5.00
285;37;85.00
286;5;5.00
286;7;40.00
286;21;50.00
286;23;5.00
287;5;5.00
287;24;5.00
287;37;90.00
290;5;5.00
290;7;80.00
290;21;10.00
290;23;5.00
291;6;5.00
291;9;5.00
291;21;5.00
291;25;5.00
291;37;80.00
292;2;10.00
292;5;5.00
292;30;85.00
294;5;5.00
294;6;5.00
294;7;80.00
294;13;10.00
296;1;10.00
296;9;25.00
296;17;20.00
296;20;10.00
296;21;5.00
296;28;30.00
300;1;10.00
300;9;30.00
300;14;5.00
300;17;10.00
300;20;15.00
300;21;10.00
300;23;5.00
300;28;15.00
301;7;80.00
301;9;5.00
301;21;15.00
301;28;5.00
304;2;10.00
304;23;10.00
304;24;20.00
304;30;60.00
305;3;5.00
305;21;40.00
305;23;50.00
305;28;5.00
306;21;60.00
306;23;40.00
307;1;5.00
307;9;30.00
307;23;35.00
307;28;30.00
308;5;5.00
308;7;40.00
308;9;5.00
308;21;40.00
308;23;5.00
308;25;5.00
311;1;5.00
311;3;5.00
311;21;35.00
311;23;50.00
311;28;5.00
312;1;5.00
312;3;5.00
312;9;10.00
312;17;15.00
312;20;35.00
312;21;20.00
312;23;5.00
312;28;5.00
314;1;5.00
314;9;5.00
314;14;85.00
314;28;5.00
317;5;10.00
317;37;90.00
322;1;10.00
322;9;10.00
322;17;10.00
322;20;10.00
322;21;50.00
322;23;5.00
322;28;5.00
326;1;15.00
326;9;30.00
326;17;15.00
326;20;15.00
326;23;15.00
326;28;10.00
327;1;10.00
327;9;40.00
327;17;5.00
327;23;5.00
327;28;40.00
329;1;5.00
329;9;20.00
329;14;5.00
329;17;5.00
329;20;5.00
329;21;25.00
329;23;5.00
329;28;30.00
330;1;10.00
330;9;35.00
330;17;10.00
330;20;10.00
330;21;20.00
330;28;15.00
332;1;15.00
332;9;25.00
332;17;5.00
332;20;10.00
332;21;10.00
332;28;35.00
336;1;10.00
336;9;20.00
336;17;5.00
336;20;30.00
336;21;10.00
336;23;5.00
336;28;20.00
344;5;5.00
344;24;5.00
344;37;90.00
346;3;10.00
346;9;40.00
346;10;10.00
346;16;30.00
346;28;10.00
347;1;40.00
347;9;15.00
347;14;10.00
347;28;30.00
347;38;5.00
348;1;10.00
348;9;10.00
348;14;20.00
348;21;20.00
348;28;40.00
349;1;10.00
349;9;15.00
349;14;30.00
349;25;5.00
349;28;40.00
353;7;75.00
353;9;5.00
353;21;10.00
353;25;10.00
354;1;5.00
354;9;15.00
354;14;60.00
354;28;20.00
355;7;65.00
355;21;20.00
355;23;10.00
355;25;5.00
356;5;10.00
356;7;50.00
356;21;40.00
357;1;20.00
357;4;5.00
357;8;5.00
357;9;20.00
357;14;20.00
357;17;5.00
357;21;10.00
357;28;15.00
358;1;20.00
358;9;35.00
358;17;10.00
358;20;5.00
358;28;30.00
359;1;10.00
359;9;10.00
359;21;20.00
359;28;60.00
361;1;20.00
361;4;20.00
361;9;10.00
361;18;15.00
361;28;25.00
361;29;10.00
363;3;90.00
363;5;5.00
363;30;5.00
364;1;20.00
364;4;5.00
364;9;25.00
364;14;20.00
364;28;30.00
365;24;30.00
365;30;70.00
368;8;90.00
368;21;5.00
368;32;5.00
369;7;90.00
369;27;10.00
370;7;80.00
370;27;20.00
371;6;35.00
371;9;10.00
371;13;35.00
371;16;5.00
371;28;10.00
371;39;5.00
372;18;100.00
373;5;80.00
373;6;20.00
376;5;80.00
376;6;20.00
377;1;5.00
377;2;5.00
377;9;15.00
377;17;5.00
377;21;30.00
377;23;10.00
377;28;30.00
378;3;85.00
378;5;5.00
378;9;5.00
378;10;5.00
379;3;15.00
379;9;10.00
379;16;70.00
380;1;10.00
380;7;10.00
380;9;20.00
380;28;60.00
381;1;5.00
381;9;5.00
381;14;85.00
381;28;5.00
382;1;10.00
382;9;20.00
382;17;5.00
382;20;5.00
382;21;40.00
382;23;10.00
382;28;10.00
383;1;10.00
383;9;20.00
383;17;5.00
383;20;5.00
383;21;40.00
383;23;10.00
383;28;10.00
384;1;5.00
384;21;80.00
384;23;10.00
384;28;5.00
385;1;5.00
385;9;10.00
385;17;5.00
385;20;5.00
385;21;40.00
385;23;30.00
385;28;5.00
386;1;10.00
386;9;10.00
386;21;40.00
386;23;30.00
386;28;10.00
387;1;5.00
387;9;5.00
387;17;5.00
387;20;5.00
387;21;40.00
387;23;30.00
387;28;10.00
388;1;10.00
388;9;10.00
388;20;5.00
388;21;40.00
388;23;25.00
388;28;10.00
389;1;10.00
389;9;10.00
389;20;5.00
389;21;40.00
389;23;25.00
389;28;10.00
390;1;5.00
390;9;20.00
390;17;5.00
390;20;5.00
390;21;20.00
390;23;20.00
390;28;25.00
391;1;5.00
391;9;10.00
391;13;15.00
391;17;5.00
391;20;5.00
391;21;40.00
391;28;20.00
392;6;5.00
392;9;5.00
392;13;5.00
392;14;80.00
392;28;5.00
393;1;20.00
393;9;10.00
393;14;60.00
393;28;10.00
394;1;15.00
394;9;10.00
394;13;5.00
394;14;60.00
394;28;10.00
395;1;20.00
395;9;10.00
395;14;60.00
395;28;10.00
396;1;15.00
396;8;5.00
396;9;15.00
396;14;30.00
396;17;5.00
396;28;30.00
397;1;5.00
397;8;5.00
397;9;15.00
397;14;40.00
397;18;10.00
397;28;25.00
398;1;20.00
398;9;20.00
398;18;40.00
398;28;20.00
399;1;10.00
399;9;10.00
399;14;60.00
399;28;20.00
400;1;10.00
400;9;15.00
400;14;30.00
400;17;5.00
400;21;10.00
400;28;30.00
401;1;15.00
401;4;5.00
401;9;15.00
401;14;50.00
401;28;15.00
402;1;5.00
402;9;10.00
402;17;5.00
402;20;5.00
402;21;20.00
402;23;30.00
402;28;25.00
403;1;5.00
403;9;15.00
403;17;5.00
403;21;30.00
403;23;20.00
403;28;25.00
404;1;10.00
404;9;20.00
404;14;50.00
404;28;20.00
405;1;20.00
405;4;5.00
405;9;15.00
405;14;40.00
405;28;20.00
406;1;10.00
406;4;5.00
406;9;15.00
406;14;20.00
406;18;30.00
406;28;20.00
407;8;10.00
407;9;10.00
407;13;15.00
407;14;40.00
407;18;20.00
407;32;5.00
408;8;10.00
408;9;10.00
408;13;5.00
408;14;40.00
408;18;15.00
408;29;10.00
408;32;10.00
409;1;5.00
409;4;5.00
409;9;15.00
409;14;50.00
409;18;10.00
409;28;10.00
409;29;5.00
410;1;10.00
410;9;30.00
410;17;5.00
410;20;5.00
410;21;10.00
410;23;30.00
410;28;10.00
411;24;5.00
411;37;95.00
412;5;5.00
412;37;95.00
413;5;5.00
413;37;95.00
414;5;5.00
414;37;95.00
415;5;5.00
415;6;5.00
415;37;90.00
416;5;20.00
416;7;30.00
416;21;10.00
416;37;40.00
417;5;5.00
417;37;95.00
418;7;40.00
418;21;40.00
418;24;10.00
418;30;10.00
419;21;65.00
419;24;20.00
419;28;5.00
419;30;10.00
420;1;5.00
420;5;5.00
420;9;15.00
420;14;30.00
420;21;35.00
420;23;5.00
420;25;5.00
421;5;10.00
421;21;10.00
421;37;80.00
422;5;5.00
422;7;90.00
422;13;5.00
423;5;10.00
423;7;20.00
423;21;20.00
423;23;20.00
423;28;20.00
423;37;10.00
424;5;5.00
424;37;95.00
425;5;5.00
425;7;85.00
425;21;5.00
425;23;5.00
426;3;10.00
426;6;10.00
426;9;40.00
426;16;20.00
426;28;20.00
427;3;10.00
427;5;5.00
427;6;5.00
427;9;10.00
427;16;10.00
427;37;60.00
428;5;35.00
428;6;30.00
428;13;30.00
428;21;5.00
429;19;100.00
430;5;10.00
430;7;90.00
431;7;85.00
431;13;5.00
431;21;5.00
431;23;5.00
432;5;5.00
432;23;5.00
432;37;90.00
433;5;5.00
433;21;5.00
433;37;90.00
434;7;5.00
434;9;15.00
434;21;65.00
434;28;15.00
435;5;5.00
435;21;5.00
435;23;5.00
435;28;5.00
435;37;80.00
436;7;30.00
436;9;10.00
436;21;30.00
436;23;10.00
436;28;20.00
437;7;60.00
437;9;5.00
437;21;20.00
437;23;10.00
437;28;5.00
438;1;20.00
438;9;25.00
438;14;10.00
438;20;5.00
438;21;10.00
438;28;30.00
439;1;5.00
439;7;70.00
439;9;5.00
439;21;5.00
439;23;10.00
439;28;5.00
440;5;5.00
440;21;5.00
440;37;90.00
441;9;5.00
441;14;15.00
441;21;70.00
441;23;5.00
441;28;5.00
442;9;5.00
442;14;15.00
442;21;70.00
442;23;5.00
442;28;5.00
443;1;5.00
443;7;65.00
443;9;5.00
443;23;20.00
443;28;5.00
444;5;10.00
444;24;30.00
444;30;60.00
445;1;20.00
445;8;5.00
445;9;35.00
445;17;10.00
445;28;30.00
446;23;30.00
446;24;40.00
446;30;30.00
447;3;20.00
447;5;10.00
447;9;10.00
447;16;60.00
448;19;100.00
449;3;40.00
449;9;20.00
449;10;20.00
449;16;10.00
449;28;10.00
450;5;5.00
450;37;90.00
450;39;5.00
451;5;5.00
451;7;90.00
451;39;5.00
452;1;5.00
452;6;5.00
452;7;5.00
452;9;25.00
452;13;10.00
452;14;10.00
452;21;10.00
452;28;30.00
453;7;70.00
453;9;10.00
453;21;5.00
453;25;5.00
453;28;10.00
454;2;10.00
454;23;10.00
454;24;20.00
454;30;60.00
455;2;10.00
455;23;10.00
455;24;20.00
455;30;60.00
456;1;5.00
456;9;5.00
456;14;85.00
456;28;5.00
457;2;10.00
457;23;10.00
457;24;20.00
457;30;60.00
458;5;5.00
458;7;90.00
458;13;5.00
459;2;10.00
459;23;10.00
459;24;20.00
459;30;60.00
460;2;40.00
460;30;60.00
461;3;30.00
461;5;10.00
461;9;5.00
461;10;55.00
462;23;20.00
462;24;50.00
462;30;30.00
463;5;80.00
463;6;20.00
464;3;10.00
464;9;40.00
464;10;10.00
464;16;30.00
464;28;10.00
465;5;10.00
465;24;20.00
465;30;70.00
466;5;10.00
466;6;10.00
466;13;10.00
466;30;70.00
467;24;10.00
467;30;90.00
468;2;10.00
468;24;10.00
468;30;80.00
469;19;100.00
470;3;10.00
470;9;15.00
470;13;5.00
470;17;5.00
470;20;5.00
470;21;10.00
470;23;10.00
470;25;5.00
470;28;35.00
471;23;30.00
471;24;50.00
471;30;20.00
472;5;20.00
472;23;20.00
472;24;40.00
472;30;20.00
473;1;10.00
473;4;5.00
473;9;15.00
473;14;20.00
473;18;30.00
473;28;20.00

